date,open,high,low,close,volume
2016-08-10,18.520,22.220,18.520,22.220,15100
2016-08-11,24.440,24.440,24.440,24.440,6300
2016-08-12,26.880,26.880,26.880,26.880,13300
2016-08-15,29.570,29.570,29.570,29.570,9985
2016-08-16,32.530,32.530,32.530,32.530,23508
2016-08-17,35.780,35.780,35.780,35.780,17300
2016-08-18,39.360,39.360,39.360,39.360,26063
2016-08-19,43.300,43.300,43.300,43.300,81000
2016-08-22,47.630,47.630,47.630,47.630,171245
2016-08-23,52.390,52.390,52.390,52.390,128085
2016-08-24,57.630,57.630,57.630,57.630,122622
2016-08-25,63.390,63.390,60.000,63.390,21997494
2016-08-26,61.000,62.500,57.660,58.330,14004408
2016-08-29,56.990,56.990,54.120,54.700,10262699
2016-08-30,54.740,55.740,53.360,53.820,7377657
2016-08-31,53.400,55.430,52.510,54.610,7738351
2016-09-01,54.110,55.800,53.200,53.840,7160284
2016-09-02,53.000,53.900,52.740,52.940,5309318
2016-09-05,52.980,53.430,51.520,51.560,5491230
2016-09-06,51.600,51.980,50.000,51.740,5219188
2016-09-07,51.550,51.700,50.100,50.140,4275919
2016-09-08,50.040,51.000,49.590,49.920,3553628
2016-09-09,50.010,50.160,47.800,47.830,5538044
2016-09-12,46.510,47.440,46.070,46.650,3786466
2016-09-13,47.380,47.720,46.400,47.390,3721912
2016-09-14,46.910,47.480,46.380,46.480,3079675
2016-09-19,46.600,47.190,46.600,46.990,2235600
2016-09-20,47.040,48.000,46.780,47.220,3394871
2016-09-21,47.250,49.460,46.800,48.570,6195734
2016-09-22,48.310,48.790,47.530,47.650,4438189
2016-09-23,47.580,47.990,45.480,45.510,4413121
2016-09-26,45.060,45.290,41.720,41.970,4733795
2016-09-27,41.610,43.300,41.610,42.990,2996523
2016-09-28,42.750,43.150,42.110,42.330,1810748
2016-09-29,42.220,42.880,42.050,42.400,1698055
2016-09-30,42.350,42.600,42.000,42.230,1704479
2016-10-10,42.500,44.010,42.350,43.870,2637715
2016-10-11,43.830,44.430,43.120,44.360,3286622
2016-10-12,43.940,44.860,43.750,44.080,2670816
2016-10-13,44.090,44.450,43.370,43.400,2234149
2016-10-14,43.050,43.200,42.650,42.980,1788916
2016-10-17,43.200,47.280,43.100,47.280,10512859
2016-10-18,47.900,51.000,47.290,49.910,15615999
2016-10-19,49.450,52.000,48.310,50.340,12893187
2016-10-20,49.550,49.690,48.600,48.900,7132721
2016-10-21,48.560,51.800,48.400,51.300,11286784
2016-10-24,51.370,52.470,50.260,51.310,9170031
2016-10-25,50.600,51.280,49.600,50.270,6304033
2016-10-26,49.800,51.370,49.700,49.990,4917235
2016-10-27,49.900,52.980,49.790,52.600,9122434
2016-10-28,52.400,52.400,50.500,50.760,7727039
2016-10-31,49.500,50.450,49.000,49.460,4057501
2016-11-01,49.730,51.320,49.730,51.240,5430237
2016-11-02,50.800,54.680,50.210,53.300,11373351
2016-11-03,52.800,58.630,52.520,58.630,16211073
2016-11-04,60.500,64.380,58.650,61.220,18931488
2016-11-07,61.400,61.400,56.500,57.410,12822415
2016-11-08,57.800,60.250,56.010,59.600,11400953
2016-11-09,58.760,58.810,56.050,57.840,9550934
2016-11-10,57.820,61.450,57.020,60.420,13456518
2016-11-11,59.600,59.900,56.800,57.130,9718698
2016-11-14,56.150,56.180,53.700,53.960,7067859
2016-11-15,53.970,54.710,52.700,53.630,4505404
2016-11-16,53.750,54.190,52.880,53.000,3178444
2016-11-17,52.500,53.380,52.210,52.980,2851996
2016-11-18,53.400,54.270,52.730,53.000,3906223
2016-11-21,52.900,53.970,51.190,53.900,5515127
2016-11-22,53.800,55.350,53.400,55.050,6524442
2016-11-23,54.800,54.880,52.500,52.740,5004588
2016-11-24,52.700,53.200,50.650,50.780,3811594
2016-11-25,50.760,51.200,49.100,50.910,3030824
2016-11-28,51.100,51.160,49.280,49.470,2382913
2016-11-29,49.350,49.880,47.470,47.820,2694439
2016-11-30,47.800,48.470,47.610,48.050,1653119
2016-12-01,48.350,48.980,47.940,48.770,2258306
2016-12-02,48.800,48.990,47.420,47.450,2157952
2016-12-05,46.300,47.480,45.900,46.650,1461795
2016-12-06,46.920,48.980,46.920,48.690,3420282
2016-12-07,48.560,49.790,48.280,49.450,3536337
2016-12-08,49.000,49.300,48.100,48.190,2330493
2016-12-09,47.920,49.300,47.920,48.760,1893460
2016-12-12,49.010,49.140,43.880,43.880,3384992
2016-12-13,42.190,44.440,42.180,43.780,2272511
2016-12-14,43.780,44.130,42.500,42.560,1876861
2016-12-15,42.410,43.580,42.360,43.100,1729692
2016-12-16,42.830,43.750,42.780,43.720,1945394
2016-12-19,43.830,44.970,43.430,44.930,2052421
2016-12-20,44.500,45.880,44.200,44.740,2484452
2016-12-21,44.600,45.840,44.600,45.780,2210323
2016-12-22,45.980,46.260,45.200,46.090,2403950
2016-12-23,45.890,45.890,44.210,44.320,1959086
2016-12-26,44.100,45.200,43.000,45.040,1976161
2016-12-27,44.830,45.680,44.660,44.890,1296253
2016-12-28,44.910,45.260,43.610,43.740,1261916
2016-12-29,43.710,44.350,43.500,43.710,1060410
2016-12-30,43.750,44.320,43.550,43.800,878506
2017-01-03,44.100,44.490,43.850,44.290,1019630
2017-01-04,44.000,44.550,43.980,44.480,1304137
2017-01-05,44.400,45.100,44.100,44.150,1811091
2017-01-06,44.000,44.100,41.500,41.510,3437545
2017-01-09,40.680,41.330,40.580,40.760,1502318
2017-01-10,40.830,41.220,40.600,40.690,1067645
2017-01-11,40.690,40.700,38.700,38.760,2288437
2017-01-12,38.920,39.100,37.800,37.810,1293020
2017-01-13,37.800,38.180,35.390,35.650,2354228
2017-01-16,35.630,35.630,32.090,32.980,2504490
2017-01-17,32.550,34.400,32.200,34.090,2164829
2017-01-18,33.800,33.990,33.200,33.230,1077815
2017-01-19,33.030,34.260,32.700,33.680,1646205
2017-01-20,33.540,34.570,33.540,34.400,1533030
2017-01-23,34.540,34.980,34.310,34.520,1155393
2017-01-24,34.540,34.600,33.600,33.660,1040607
2017-01-25,33.570,34.250,33.430,34.060,831164
2017-01-26,34.060,34.490,34.030,34.260,805152
2017-02-03,34.260,34.450,33.820,34.000,540932
2017-02-06,34.300,35.300,34.110,35.180,1433741
2017-02-07,35.180,35.180,34.500,34.810,1215661
2017-02-08,34.970,35.660,34.400,35.570,1754266
2017-02-09,35.330,36.650,35.330,36.050,2200773
2017-02-10,36.100,36.290,35.300,35.820,1579825
2017-02-13,37.680,39.400,37.680,39.400,5540574
2017-02-14,39.400,39.400,38.510,38.850,4411486
2017-02-15,38.600,38.990,37.900,38.510,3897819
2017-02-16,38.000,38.560,37.690,38.380,2297164
2017-02-17,38.440,38.540,36.300,36.850,2680782
2017-02-20,36.600,37.500,36.020,37.460,2098735
2017-02-21,37.490,38.460,37.490,37.880,2175053
2017-02-22,37.800,37.860,37.310,37.540,1361223
2017-02-23,37.540,37.870,36.990,37.580,1710801
2017-02-24,37.400,38.970,37.260,38.870,3824039
2017-02-27,38.600,40.980,38.060,38.440,4495255
2017-02-28,38.010,41.500,37.900,41.090,7974258
2017-03-01,40.300,41.960,39.210,39.340,7103623
2017-03-02,39.230,39.280,38.100,38.340,3419414
2017-03-03,37.800,38.280,37.700,38.020,1962248
2017-03-06,38.130,38.880,38.130,38.710,1752583
2017-03-07,38.600,38.950,38.300,38.900,2027891
2017-03-08,38.990,39.790,38.990,39.620,3095018
2017-03-09,39.500,39.500,38.500,38.650,1908479
2017-03-10,38.720,39.080,38.270,38.400,1496407
2017-03-13,38.080,38.320,37.130,38.240,1910367
2017-03-14,38.190,40.440,38.190,39.990,5713335
2017-03-15,39.700,40.140,38.900,39.880,3065741
2017-03-16,39.600,41.520,39.440,40.970,6021601
2017-03-17,40.900,42.000,40.090,40.240,5673524
2017-03-20,40.010,40.800,39.700,40.440,2199553
2017-03-21,40.430,42.440,40.130,40.720,4356934
2017-03-22,40.130,40.400,39.100,40.140,3111395
2017-03-23,40.050,40.420,39.150,39.870,3209278
2017-03-24,39.580,40.110,39.180,39.370,2422546
2017-03-27,39.390,39.760,39.000,39.220,1813942
2017-03-28,39.220,39.340,38.020,38.090,1994100
2017-03-29,38.090,38.290,35.660,35.870,3405100
2017-03-30,35.750,35.800,34.650,34.900,2009026
2017-03-31,34.850,35.170,33.900,34.590,1675900
2017-04-05,38.050,38.050,37.080,38.050,4030896
2017-04-06,41.800,41.860,40.600,41.860,6351225
2017-04-07,42.990,46.050,41.630,44.010,16844974
2017-04-10,42.250,47.310,42.130,45.440,15513432
2017-04-11,44.980,48.500,44.300,47.340,15092162
2017-04-12,45.000,45.560,42.610,42.610,8847686
2017-04-13,40.500,43.730,40.300,42.130,6960663
2017-04-14,42.850,43.230,41.610,41.850,4905945
2017-04-17,40.420,41.490,37.670,37.670,5332023
2017-04-18,37.670,38.930,37.300,37.550,4063573
2017-04-19,36.700,40.500,36.700,39.640,5558080
2017-04-20,39.540,39.540,37.060,37.870,4346102
2017-04-21,37.870,39.400,37.650,38.200,4040797
2017-04-24,37.990,38.210,35.280,35.470,3612067
2017-04-25,35.550,37.230,35.550,36.290,3505130
2017-04-26,36.270,37.530,36.120,37.500,4590460
2017-04-27,37.000,38.500,36.250,37.900,5301659
2017-04-28,36.730,38.250,36.730,37.540,3781951
2017-05-02,37.570,38.660,37.410,38.370,4401085
2017-05-03,38.150,38.150,35.050,36.440,4294923
2017-05-04,36.100,37.990,35.680,36.840,4281318
2017-05-05,36.630,36.650,35.060,35.210,3407367
2017-05-08,35.340,35.660,32.980,33.040,2816637
2017-05-09,32.710,33.860,32.500,33.510,1686667
2017-05-10,33.520,33.990,32.500,33.010,1996248
2017-05-11,33.200,33.200,30.850,32.730,2311976
2017-05-12,32.550,32.980,32.060,32.770,1725526
2017-05-15,32.700,35.270,32.400,33.990,2753503
2017-05-16,34.730,37.390,34.330,37.390,3711350
2017-05-17,40.880,40.880,38.400,38.910,10371444
2017-05-18,38.220,39.500,37.440,38.170,6544568
2017-05-19,37.500,38.530,37.500,37.570,3640164
2017-05-22,36.370,37.370,34.700,34.930,3978767
2017-05-23,34.100,36.000,32.500,33.990,4191669
2017-05-24,33.010,35.110,33.010,34.740,3253705
2017-05-25,34.550,35.710,34.120,35.320,3330033
2017-05-26,35.540,36.360,35.010,35.670,4265460
2017-05-31,36.600,36.940,34.900,35.000,3412916
2017-06-01,33.710,34.710,32.700,32.790,2703600
2017-06-02,32.800,33.880,32.800,33.730,2437600
2017-06-05,33.920,34.730,33.610,33.650,1841754
2017-06-06,34.040,34.550,33.800,34.100,2030380
2017-06-07,33.850,37.510,33.850,36.040,5539112
2017-06-08,35.970,37.250,32.440,36.790,6454621
2017-06-09,36.570,36.590,35.660,35.840,3577058
2017-06-12,35.490,35.780,34.140,34.230,2954288
2017-06-13,34.250,35.230,34.100,34.820,2166565
2017-06-14,34.850,35.070,34.210,34.310,1829485
2017-06-15,34.100,35.270,34.100,35.000,2416254
2017-06-16,35.260,35.520,34.570,34.650,1880550
2017-06-19,34.650,34.980,34.410,34.860,1346700
2017-06-20,35.210,35.380,34.690,34.910,1883831
2017-06-21,34.910,34.940,34.150,34.800,2066713
2017-06-22,34.820,34.860,33.030,33.310,1990488
2017-06-23,33.310,33.840,32.500,33.470,1882399
2017-06-26,33.790,33.790,33.050,33.470,1107573
2017-06-27,33.570,33.790,33.240,33.360,976000
2017-06-28,33.010,33.460,32.660,33.070,1240700
2017-06-29,33.300,33.600,33.050,33.280,882900
2017-06-30,33.270,33.850,32.730,33.430,1179605
2017-07-03,33.440,33.610,33.150,33.560,1033197
2017-07-04,33.560,33.780,33.000,33.250,769300
2017-07-05,33.200,33.590,33.060,33.570,991321
2017-07-06,33.800,33.800,32.880,33.250,1449593
2017-07-07,32.980,33.410,32.980,33.310,1145989
2017-07-10,33.300,33.310,32.620,32.630,1487542
2017-07-11,32.520,32.990,32.000,32.050,1146410
2017-07-12,31.730,32.150,30.850,31.710,1577564
2017-07-13,31.580,31.580,31.090,31.180,978746
2017-07-14,31.350,33.160,31.110,32.840,2035548
2017-07-17,32.000,32.200,29.610,30.370,2099570
2017-07-18,29.630,31.050,29.630,30.670,1038995
2017-07-19,30.690,30.890,30.100,30.640,968818
2017-07-20,30.640,30.930,30.320,30.370,1016299
2017-07-21,30.370,30.450,29.950,30.020,915326
2017-07-24,29.920,30.000,29.520,29.800,1143102
2017-07-25,29.780,30.050,29.320,29.480,1047054
2017-07-26,29.480,29.680,28.750,29.010,1150825
2017-07-27,28.820,29.560,28.810,29.480,1449713
2017-07-28,29.440,29.900,29.280,29.630,1287492
2017-07-31,29.570,29.810,29.310,29.480,597265
2017-08-01,29.770,29.770,29.400,29.650,955642
2017-08-02,29.650,29.650,29.020,29.050,1128684
2017-08-03,29.070,30.440,28.800,29.930,1907401
2017-08-04,29.800,29.830,29.200,29.270,1151000
2017-08-07,29.260,29.450,28.990,29.110,703046
2017-08-08,29.490,29.920,29.160,29.330,911485
2017-08-09,29.170,29.210,28.840,28.930,1108803
2017-08-10,28.930,29.550,28.850,29.250,1388403
2017-08-11,29.200,29.970,29.030,29.380,1466738
2017-08-14,29.170,29.800,29.170,29.780,1512395
2017-08-15,29.790,31.390,29.630,30.620,2980903
2017-08-16,30.620,30.620,29.980,30.290,1421700
2017-08-17,30.250,31.900,30.060,30.760,2352570
2017-08-18,30.250,30.660,30.170,30.250,1426646
2017-08-21,29.900,30.560,29.900,30.320,1127750
2017-08-22,30.320,30.360,29.910,29.970,951253
2017-08-23,29.960,30.540,29.780,30.070,863500
2017-08-24,30.070,30.520,29.800,30.210,1401882
2017-08-25,30.090,30.420,29.880,30.360,1169268
2017-08-28,30.360,30.970,30.230,30.680,1526664
2017-08-29,30.680,31.200,30.420,30.620,2196587
2017-08-30,30.470,30.980,30.460,30.570,1143100
2017-08-31,30.630,30.800,30.310,30.600,1208406
2017-09-01,30.620,30.950,30.450,30.540,1205384
2017-09-04,30.410,30.690,30.210,30.370,1128699
2017-09-05,30.500,31.200,30.400,30.810,2076841
2017-09-06,30.600,30.930,30.270,30.680,1516907
2017-09-07,30.660,31.130,30.540,30.900,2200543
2017-09-08,31.250,32.890,31.230,31.540,4223900
2017-09-11,31.230,31.890,31.200,31.560,2131096
2017-09-12,31.500,31.530,30.800,30.920,2015230
2017-09-13,30.850,31.170,30.650,31.000,970530
2017-09-14,31.010,31.340,30.920,31.150,1273054
2017-09-15,31.120,31.160,30.680,30.790,1069556
2017-09-18,30.720,31.100,30.620,31.060,1014948
2017-09-19,31.020,32.470,30.870,31.560,3326592
2017-09-20,31.520,31.850,31.100,31.430,1976286
2017-09-21,31.260,31.790,31.150,31.280,1894036
2017-09-22,31.290,31.880,31.040,31.810,2221503
2017-09-25,31.740,31.790,31.130,31.320,1326690
2017-09-26,31.020,31.390,30.220,30.530,1772617
2017-09-27,30.510,31.240,30.510,30.820,1173801
2017-09-28,30.520,31.500,30.520,31.120,1883424
2017-09-29,31.000,31.510,30.850,31.270,1480606
2017-10-09,31.690,31.730,31.300,31.380,1277878
2017-10-10,31.380,31.960,31.310,31.930,2164583
2017-10-11,32.100,33.280,31.830,33.030,6119309
2017-10-12,32.950,33.090,32.300,32.520,3241058
2017-10-13,32.700,32.830,32.230,32.410,2517875
2017-10-16,32.300,32.470,31.250,31.280,2155219
2017-10-17,31.160,33.600,31.030,32.790,4717986
2017-10-18,32.600,32.640,31.800,31.920,2857222
2017-10-19,31.780,33.300,31.780,32.680,4010729
2017-10-20,33.600,34.680,33.000,34.000,7716801
2017-10-23,34.090,36.330,33.500,34.750,8804843
2017-10-24,34.250,34.280,32.880,33.520,5306337
2017-10-25,33.300,34.000,32.980,33.990,3180873
2017-10-26,33.660,33.890,33.300,33.490,2284315
2017-10-27,33.480,33.760,32.420,32.580,3001600
2017-10-30,32.660,32.740,31.030,31.280,2988147
2017-10-31,31.200,32.320,31.010,32.170,2318623
2017-11-01,32.320,32.320,31.600,31.710,1773180
2017-11-02,31.640,31.640,31.000,31.020,1719569
2017-11-03,31.140,31.350,29.960,30.180,1709323
2017-11-06,30.100,30.490,29.860,30.470,1132200
2017-11-07,30.460,30.480,29.840,30.290,1452132
2017-11-08,30.000,30.700,29.970,30.530,1374400
2017-11-09,30.570,30.880,30.400,30.660,1161699
2017-11-10,30.780,30.840,30.060,30.270,1414928
2017-11-13,30.270,30.400,29.600,29.880,1657959
2017-11-14,29.750,29.890,28.900,29.040,1603309
2017-11-15,29.040,29.210,28.800,29.190,898432
2017-11-16,29.180,29.180,28.580,28.610,854453
2017-11-17,28.720,28.720,26.020,26.470,1986676
2017-11-20,26.430,26.430,24.610,26.240,1401895
2017-11-21,25.930,26.590,25.550,26.110,996068
2017-11-22,26.480,26.480,25.600,25.740,942700
2017-11-23,25.220,25.960,25.220,25.580,924000
2017-11-24,25.500,25.820,25.150,25.170,630900
2017-11-27,25.150,25.500,24.920,24.990,529100
2017-11-28,25.020,25.460,25.000,25.410,626300
2017-11-29,25.260,25.460,24.890,25.210,575600
2017-11-30,25.400,25.400,25.030,25.090,763900
2017-12-01,25.090,25.380,24.720,25.330,754100
2017-12-04,25.220,25.310,24.700,24.840,758912
2017-12-05,24.870,24.900,23.000,23.200,1340876
2017-12-06,23.600,24.500,23.600,24.050,1236076
2017-12-07,23.600,24.470,23.580,24.270,943013
2017-12-08,24.270,25.920,24.270,25.580,2137418
2017-12-11,25.500,25.600,25.020,25.580,1197731
2017-12-12,25.370,25.780,24.910,24.930,1129347
2017-12-13,24.930,25.070,24.660,24.760,650586
2017-12-14,24.800,24.950,24.310,24.570,699092
2017-12-15,24.600,24.860,24.390,24.680,673553
2017-12-18,24.700,24.780,24.360,24.650,639600
2017-12-19,24.620,24.810,24.420,24.680,526110
2017-12-20,24.680,24.770,24.130,24.360,586100
2017-12-21,24.390,24.390,23.600,23.980,526810
2017-12-22,24.040,24.150,23.600,23.990,474300
2017-12-25,24.200,24.200,23.690,23.780,449100
2017-12-26,23.780,24.580,23.520,24.490,1054658
2017-12-27,24.470,24.490,23.900,23.950,843971
2017-12-28,23.910,24.170,23.650,23.920,544300
2017-12-29,23.930,24.220,23.920,24.190,548400
2018-01-02,24.290,24.440,24.070,24.390,740779
2018-01-03,24.390,25.600,24.320,24.890,1648102
2018-01-04,24.830,26.080,24.700,25.890,2799909
2018-01-05,25.650,25.760,25.270,25.490,1446007
2018-01-08,25.350,25.500,24.830,25.070,1047999
2018-01-09,24.930,25.280,24.880,25.090,719916
2018-01-10,25.080,25.380,24.590,24.780,760315
2018-01-11,24.810,25.150,24.600,25.120,824300
2018-01-12,25.120,25.120,24.790,24.880,564703
2018-01-15,24.890,25.060,23.900,23.920,827886
2018-01-16,23.900,24.430,23.750,24.340,652518
2018-01-17,24.340,24.430,23.760,24.310,776156
2018-01-18,24.280,24.400,23.860,24.240,440907
2018-01-19,24.490,24.550,24.030,24.160,484325
2018-01-22,24.120,24.380,23.850,24.360,473197
2018-01-23,24.440,24.750,24.170,24.690,731489
2018-01-24,25.000,25.520,24.780,24.990,1147447
2018-01-25,24.730,25.190,24.710,24.770,761688
2018-01-26,24.680,24.920,24.680,24.810,518396
2018-01-29,24.970,25.190,24.180,24.280,630444
2018-01-30,24.560,24.680,24.070,24.130,400100
2018-01-31,24.150,24.150,23.710,23.990,607912
2018-02-01,23.990,24.070,22.200,23.740,1678700
2018-02-02,23.080,23.950,22.380,23.580,790707
2018-02-05,23.050,23.990,23.050,23.980,717609
2018-02-06,23.590,23.850,22.800,23.120,597605
2018-02-07,23.170,23.680,22.350,22.930,466900
2018-02-08,22.680,23.180,22.510,22.940,327617
2018-02-09,22.810,22.810,21.620,21.820,664837
2018-02-12,21.830,22.260,21.830,22.090,373500
2018-02-13,22.110,22.480,21.950,21.960,274503
2018-02-14,21.960,22.180,21.800,21.920,216500
2018-02-22,22.260,22.430,22.070,22.330,345733
2018-02-23,22.340,22.950,22.260,22.600,505272
2018-02-26,22.500,23.580,22.500,23.290,854144
2018-02-27,22.990,23.220,22.990,23.090,547302
2018-02-28,23.060,23.100,22.660,22.980,457056
2018-03-01,22.700,23.220,22.580,23.140,552338
2018-03-02,22.780,23.420,22.780,23.170,427500
2018-03-05,23.160,23.390,23.010,23.170,496580
2018-03-06,23.350,23.760,23.120,23.400,736004
2018-03-07,23.490,23.490,23.080,23.120,397520
2018-03-08,23.120,23.750,23.100,23.650,851617
2018-03-09,23.630,23.920,23.460,23.780,849997
2018-03-12,23.790,24.270,23.790,24.120,884337
2018-03-13,24.120,24.120,23.650,23.750,602254
2018-03-14,23.720,23.980,23.660,23.730,370157
2018-03-15,23.500,23.880,23.120,23.280,531456
2018-03-16,23.490,23.700,23.290,23.390,415900
2018-03-19,23.350,23.850,23.170,23.730,573927
2018-03-20,23.360,25.900,23.360,25.040,1399968
2018-03-21,25.010,25.010,23.920,24.050,1478933
2018-03-22,24.230,24.240,23.680,23.740,711223
2018-03-23,23.240,23.240,21.660,21.860,1171454
2018-03-26,21.620,21.850,20.110,21.700,1126601
2018-03-27,21.800,22.280,21.800,21.920,1109062
2018-03-28,21.550,22.290,21.380,21.820,888753
2018-03-29,21.900,22.250,21.900,22.110,767862
2018-03-30,22.180,22.750,22.180,22.300,798662
2018-04-02,22.450,22.460,22.110,22.340,745405
2018-04-03,22.160,23.590,21.510,22.720,1303218
2018-04-04,22.600,23.500,22.460,22.940,1672162
2018-04-09,22.940,23.500,22.650,23.290,1010112
2018-04-10,23.290,23.290,22.450,22.740,1087079
2018-04-11,22.850,23.340,22.510,22.670,1180113
2018-04-12,22.780,23.250,22.730,23.030,1086497
2018-04-13,23.230,23.250,22.620,22.880,687058
2018-04-16,22.620,22.870,21.500,22.110,1086944
2018-04-17,21.750,22.500,21.730,21.780,674598
2018-04-18,21.800,22.460,21.790,22.370,929844
2018-04-19,22.370,22.650,22.110,22.260,734420
2018-04-20,22.260,22.440,21.690,21.780,679425
2018-04-23,21.900,22.250,21.290,21.520,617018
2018-04-24,21.550,22.150,21.550,22.080,787807
2018-04-25,22.330,22.380,22.030,22.290,548962
2018-04-26,22.180,22.440,21.730,21.780,540849
2018-04-27,21.800,23.800,21.800,22.500,907787
2018-05-02,23.170,23.500,22.680,23.420,1900868
2018-05-03,23.000,24.960,23.000,24.500,3398751
2018-05-04,24.220,24.790,24.040,24.280,1727389
2018-05-07,24.300,25.280,24.060,24.900,2051920
2018-05-08,24.880,24.990,24.520,24.540,1362203
2018-05-09,24.540,25.300,24.540,25.280,2231316
2018-05-10,25.200,25.460,25.090,25.160,1298590
2018-05-11,25.580,25.690,24.650,24.910,1713293
2018-05-14,24.900,25.590,24.900,25.470,1471649
2018-05-15,25.150,26.330,25.030,26.200,1925472
2018-05-16,26.140,26.140,25.620,25.800,1317915
2018-05-17,26.180,27.180,26.180,26.200,2416868
2018-05-18,25.550,25.900,24.600,25.360,2366547
2018-05-21,25.400,25.720,25.040,25.210,1426525
2018-05-22,25.070,25.880,25.010,25.700,1321422
2018-05-23,26.350,26.890,25.970,26.060,1726021
2018-05-24,25.980,26.340,25.560,26.000,1060200
2018-05-25,26.000,26.480,25.690,26.150,895964
2018-05-28,26.160,26.260,25.060,25.420,792898
2018-05-29,25.450,25.500,24.330,24.400,1232750
2018-05-30,24.100,25.100,24.010,24.440,1434385
2018-05-31,17.810,18.190,17.490,18.170,1552833
2018-06-01,18.130,18.740,17.830,18.020,2774745
2018-06-04,17.940,18.110,17.300,17.750,1663604
2018-06-05,17.590,18.790,17.590,18.750,3294370
2018-06-06,18.500,19.300,18.330,19.280,5203504
2018-06-07,19.230,19.230,18.470,18.800,3306775
2018-06-08,18.690,18.690,17.600,17.890,2815754
2018-06-11,17.970,18.140,17.050,17.300,1503569
2018-06-12,17.460,17.630,17.050,17.500,1205094
2018-06-13,17.580,17.580,17.010,17.040,1048180
2018-06-14,16.780,16.880,16.170,16.280,1636611
2018-06-15,16.420,16.420,15.510,15.770,1561272
2018-06-19,15.640,15.640,14.240,14.620,1980972
2018-06-20,14.600,14.770,14.170,14.560,1602803
2018-06-21,14.560,14.680,13.420,13.740,1802884
2018-06-22,13.560,14.000,13.310,13.870,1068100
2018-06-25,13.970,14.320,13.850,13.900,1294997
2018-06-26,13.810,14.240,13.560,14.180,1208560
2018-06-27,14.180,14.460,14.000,14.320,1237532
2018-06-28,14.320,14.470,13.860,13.870,920361
2018-06-29,13.870,14.370,13.870,14.280,1002006
2018-07-02,14.320,14.640,14.240,14.270,1154927
2018-07-03,14.120,14.520,14.120,14.480,1014486
2018-07-04,14.250,14.620,14.250,14.460,750792
2018-07-05,14.440,14.540,13.530,13.950,819860
2018-07-06,13.600,14.200,13.400,13.780,944985
2018-07-09,13.880,14.280,13.800,14.160,683100
2018-07-10,14.180,14.460,14.160,14.220,784673
2018-07-11,14.220,15.500,13.860,14.900,2149695
2018-07-12,14.700,15.580,14.520,15.510,3285334
2018-07-13,15.300,15.300,14.920,15.110,1947454
2018-07-16,14.980,15.090,14.650,14.910,1161619
2018-07-17,14.880,14.890,14.600,14.870,864178
2018-07-18,14.980,15.010,14.620,14.630,1061473
2018-07-19,14.600,14.700,14.320,14.400,701122
2018-07-20,14.420,14.580,14.100,14.570,664099
2018-07-23,14.570,14.760,14.400,14.750,630769
2018-07-24,14.710,14.990,14.620,14.950,1188283
2018-07-25,15.150,15.150,14.680,14.820,863059
2018-07-26,14.780,14.880,14.690,14.750,479991
2018-07-27,14.730,14.830,14.600,14.710,474380
2018-07-30,14.650,14.720,14.230,14.260,582124
2018-07-31,14.200,14.510,14.200,14.410,470485
2018-08-01,14.570,14.930,14.550,14.740,1798801
2018-08-02,14.160,14.490,13.320,13.840,1497592
2018-08-03,13.800,14.130,13.480,13.910,777422
2018-08-06,14.050,14.050,13.580,13.760,598471
2018-08-07,13.830,14.040,13.630,14.000,540680
2018-08-08,13.950,14.170,13.650,13.680,737280
2018-08-09,13.600,14.030,13.450,13.890,936880
2018-08-10,13.860,14.280,13.800,14.150,871974
2018-08-13,14.140,14.370,14.000,14.270,696271
2018-08-14,14.240,14.480,14.220,14.380,645677
2018-08-15,14.160,14.680,14.160,14.240,570425
2018-08-16,14.240,14.240,13.660,13.680,700435
2018-08-17,14.010,14.170,13.690,13.760,950989
2018-08-20,13.540,13.990,13.320,13.680,935067
2018-08-21,13.680,13.820,13.510,13.690,470749
2018-08-22,13.450,13.860,13.450,13.800,535607
2018-08-23,13.860,13.940,13.450,13.630,793282
2018-08-24,13.630,13.800,13.480,13.560,400717
2018-08-27,13.650,13.990,13.600,13.830,524205
2018-08-28,13.670,13.990,13.610,13.700,619180
2018-08-29,13.860,13.860,13.510,13.560,565398
2018-08-30,13.480,13.520,13.190,13.210,818272
2018-08-31,13.100,13.300,13.010,13.020,609239
2018-09-03,13.300,13.300,12.750,13.030,568675
2018-09-04,13.030,13.160,12.850,13.090,664000
2018-09-05,12.910,13.300,12.700,12.750,943633
2018-09-06,12.770,12.830,12.510,12.510,570506
2018-09-07,12.480,12.810,12.460,12.740,948029
2018-09-10,13.200,13.200,12.510,12.520,494583
2018-09-11,12.430,12.590,12.420,12.580,331898
2018-09-12,12.500,12.750,12.490,12.620,428961
2018-09-13,12.610,12.790,12.520,12.690,390858
2018-09-14,12.780,12.790,12.520,12.520,394727
2018-09-17,12.520,12.620,12.400,12.440,253229
2018-09-18,12.440,13.190,12.410,12.940,1001569
2018-09-19,12.900,13.060,12.760,12.940,857479
2018-09-20,12.940,12.940,12.770,12.830,476772
2018-09-21,12.830,12.960,12.600,12.910,548975
2018-09-25,12.900,13.400,12.750,13.330,1366899
2018-09-26,13.190,14.660,13.190,14.660,4097291
2018-09-27,14.650,14.660,14.030,14.140,3398489
2018-09-28,14.400,14.650,14.120,14.290,2124026
2018-10-08,14.000,14.110,13.510,13.600,1827179
2018-10-09,13.680,13.950,13.600,13.810,1666039
2018-10-10,13.790,13.860,13.230,13.600,1740920
2018-10-11,13.100,13.130,12.240,12.240,1994549
2018-10-12,12.020,12.300,11.130,11.720,1831258
2018-10-15,11.780,12.140,11.610,11.640,1323838
2018-10-16,11.640,11.800,11.150,11.260,1126243
2018-10-17,11.500,11.500,11.130,11.330,828473
2018-10-18,11.310,11.370,10.300,10.600,1158040
2018-10-19,10.600,10.980,10.320,10.910,1068102
2018-10-22,11.240,11.530,10.910,11.270,1704818
2018-10-23,11.270,12.080,11.270,11.950,3107433
2018-10-24,11.930,11.930,11.580,11.700,1666299
2018-10-25,11.040,11.570,10.930,11.500,1304705
2018-10-26,11.670,11.710,11.390,11.610,1068986
2018-10-29,11.620,11.620,11.200,11.260,866320
2018-10-30,11.230,11.460,11.050,11.330,699314
2018-10-31,11.460,11.660,11.350,11.640,997630
2018-11-01,11.640,11.800,11.550,11.690,1291148
2018-11-02,11.860,12.000,11.670,11.990,1747269
2018-11-05,11.950,12.160,11.760,12.010,1450963
2018-11-06,11.960,12.020,11.560,11.810,1274600
2018-11-07,11.800,11.880,11.620,11.650,1023400
2018-11-08,11.750,11.780,11.420,11.460,1213266
2018-11-09,11.560,12.000,11.400,11.920,2229662
2018-11-12,12.020,12.120,11.710,12.000,2488891
2018-11-13,11.900,12.100,11.720,12.010,2076539
2018-11-14,12.000,12.230,11.850,12.040,1956082
2018-11-15,12.050,12.190,11.920,12.180,1513492
2018-11-16,12.800,13.400,12.800,13.400,5322739
2018-11-19,13.270,13.270,12.920,13.120,4950416
2018-11-20,12.750,13.010,12.450,12.500,2946570
2018-11-21,12.290,13.700,12.190,13.440,4592724
2018-11-22,13.380,13.380,12.740,12.850,3702823
2018-11-23,12.800,12.890,12.130,12.300,2099075
2018-11-26,12.300,12.640,12.210,12.460,1522800
2018-11-27,12.680,12.780,12.350,12.520,1489222
2018-11-28,12.430,12.730,12.400,12.730,1353900
2018-11-29,12.800,12.840,12.100,12.160,1635380
2018-11-30,12.110,12.250,11.500,11.900,1849447
2018-12-03,12.190,12.350,12.110,12.350,1433479
2018-12-04,12.290,12.600,12.280,12.560,1322939
2018-12-05,12.310,12.470,12.210,12.350,1086452
2018-12-06,12.300,12.400,11.920,12.050,921330
2018-12-07,11.950,12.160,11.880,12.090,673167
2018-12-10,11.950,11.990,11.580,11.620,850100
2018-12-11,11.620,11.810,11.620,11.760,592680
2018-12-12,11.860,12.050,11.810,11.930,792816
2018-12-13,12.110,12.130,11.820,11.890,793640
2018-12-14,11.980,11.990,11.430,11.450,1104903
2018-12-17,11.560,11.860,11.460,11.650,763040
2018-12-18,11.470,11.650,11.070,11.280,1300862
2018-12-19,11.370,11.400,11.180,11.210,726409
2018-12-20,11.130,11.270,10.900,11.230,801170
2018-12-21,11.270,11.270,10.920,11.010,885712
2018-12-24,11.110,11.250,10.980,11.130,728234
2018-12-25,11.130,11.190,10.630,10.980,1070060
2018-12-26,10.850,11.030,10.700,10.980,565150
2018-12-27,11.140,11.190,10.760,10.790,674022
2018-12-28,10.790,10.910,10.700,10.750,609543
2019-01-02,10.750,11.040,10.750,10.990,1043558
2019-01-03,10.830,11.130,10.830,11.080,634165
2019-01-04,10.710,11.340,10.710,11.290,937439
2019-01-07,11.200,11.530,11.200,11.450,1012540
2019-01-08,11.400,11.530,11.320,11.400,459427
2019-01-09,11.400,11.700,11.320,11.350,874594
2019-01-10,11.380,11.510,11.200,11.250,603680
2019-01-11,11.230,11.470,11.150,11.400,579574
2019-01-14,11.510,11.530,11.310,11.400,621181
2019-01-15,11.400,11.470,11.190,11.470,571474
2019-01-16,11.600,11.600,11.400,11.440,537339
2019-01-17,11.320,11.380,11.060,11.090,853158
2019-01-18,11.140,11.340,11.120,11.310,961436
2019-01-21,11.390,11.500,11.280,11.390,766966
2019-01-22,11.600,11.620,11.160,11.170,832567
2019-01-23,11.280,11.280,11.120,11.240,526320
2019-01-24,11.260,11.310,11.080,11.170,752140
2019-01-25,11.120,11.270,11.100,11.140,581690
2019-01-28,11.120,11.210,10.830,10.880,627926
2019-01-29,10.950,10.950,10.500,10.730,578851
2019-01-30,10.730,10.840,10.410,10.630,515400
2019-01-31,10.840,10.840,10.400,10.420,755570
2019-02-01,10.550,10.690,10.420,10.660,814720
2019-02-11,10.870,10.910,10.680,10.880,552023
2019-02-12,10.990,11.210,10.520,11.190,874759
2019-02-13,11.120,11.320,11.000,11.220,1187920
2019-02-14,11.240,11.500,11.130,11.390,1119280
2019-02-15,11.310,11.430,11.230,11.320,1242146
2019-02-18,11.340,11.610,11.340,11.580,1325624
2019-02-19,11.590,11.810,11.420,11.520,1511627
2019-02-20,11.590,11.620,11.410,11.540,1063127
2019-02-21,11.580,11.800,11.460,11.600,1682743
2019-02-22,11.600,11.750,11.470,11.710,1413238
2019-02-25,11.840,12.210,11.760,12.190,2102847
2019-02-26,12.150,12.400,12.000,12.180,2220611
2019-02-27,12.100,12.300,12.040,12.150,1848397
2019-02-28,12.200,12.320,12.110,12.320,1189710
2019-03-01,12.510,12.510,12.170,12.330,1662306
2019-03-04,12.500,12.970,12.340,12.970,2946086
2019-03-05,12.930,12.970,12.570,12.810,3090360
2019-03-06,12.750,12.920,12.530,12.830,2961589
2019-03-07,12.810,13.030,12.650,12.920,2925200
2019-03-08,12.800,12.800,12.160,12.270,2610841
2019-03-11,13.060,13.500,13.060,13.500,7800985
2019-03-12,13.500,13.790,13.110,13.350,7894699
2019-03-13,13.280,13.290,12.820,12.870,4054240
2019-03-14,12.820,12.820,12.120,12.350,2472756
2019-03-15,12.450,12.590,12.360,12.450,1468277
2019-03-18,12.460,12.780,12.430,12.770,1851708
2019-03-19,12.770,12.940,12.630,12.760,1629659
2019-03-20,12.760,13.880,12.600,13.170,3800545
2019-03-21,13.600,14.490,13.300,14.490,4948477
2019-03-22,14.970,15.940,14.630,15.940,13088920
2019-03-25,15.800,15.800,14.600,14.910,10876208
2019-03-26,14.490,14.700,13.810,14.130,5851416
2019-03-27,14.030,14.520,13.680,14.300,4636159
2019-03-28,14.040,14.300,13.720,13.740,3408788
2019-03-29,13.750,14.100,13.460,14.010,3197917
2019-04-01,14.070,14.450,14.070,14.370,4212651
2019-04-02,14.360,14.750,14.300,14.430,3825378
2019-04-03,14.280,15.210,14.120,15.090,7265693
2019-04-04,15.090,15.090,14.670,14.710,4305665
2019-04-08,15.000,15.030,14.050,14.260,3876551
2019-04-09,14.250,14.350,14.080,14.290,1901894
2019-04-10,14.290,14.500,14.000,14.330,2321220
2019-04-11,14.200,14.330,13.830,13.900,1781020
2019-04-12,13.800,14.090,13.770,13.920,1284540
2019-04-15,14.120,14.240,13.750,13.810,1716320
2019-04-16,14.000,14.070,13.700,14.070,1440454
2019-04-17,14.140,14.240,14.050,14.150,1828249
2019-04-18,14.060,14.240,14.020,14.060,1579997
2019-04-19,14.140,14.730,14.140,14.500,3034534
2019-04-22,14.470,14.590,14.030,14.050,1961421
2019-04-23,14.040,14.190,13.860,14.020,1774866
2019-04-24,14.000,14.130,13.580,13.850,1727870
2019-04-25,13.790,13.900,13.090,13.120,2243967
2019-04-26,13.150,13.540,13.130,13.280,1793850
2019-04-29,13.280,13.780,13.110,13.570,2333539
2019-04-30,13.230,13.680,12.640,12.900,2139134
2019-05-06,12.290,12.540,11.610,11.610,2422754
2019-05-07,11.840,11.840,11.240,11.550,1669880
2019-05-08,11.560,11.660,11.330,11.580,1183220
2019-05-09,11.410,11.600,11.400,11.440,895939
2019-05-10,11.650,11.750,11.310,11.750,1378740
2019-05-13,11.630,12.000,11.580,11.880,1318134
2019-05-14,11.570,11.880,11.560,11.680,1277891
2019-05-15,11.680,11.930,11.680,11.870,994128
2019-05-16,11.860,12.000,11.790,12.000,1128232
2019-05-17,11.900,11.990,11.340,11.440,1321500
2019-05-20,11.400,11.580,11.230,11.530,702992
2019-05-21,11.500,11.710,11.360,11.580,704320
2019-05-22,11.580,11.680,11.410,11.490,663561
2019-05-23,11.530,11.550,11.160,11.190,853080
2019-05-24,11.240,11.440,11.240,11.380,725810
2019-05-27,11.340,11.580,11.160,11.530,748480
2019-05-28,11.520,11.640,11.450,11.520,675431
2019-05-29,11.520,11.950,11.400,11.950,1364375
2019-05-30,11.930,11.930,11.480,11.600,1915554
2019-05-31,11.580,11.700,11.500,11.500,725094
2019-06-03,12.170,12.650,12.150,12.650,2541139
2019-06-04,12.810,12.860,11.680,11.680,4377228
2019-06-05,11.920,12.360,11.830,11.980,3135471
2019-06-06,11.800,11.850,11.160,11.190,2309557
2019-06-10,11.210,11.300,10.770,10.870,1922020
2019-06-11,10.850,11.380,10.840,11.340,1765889
2019-06-12,11.440,11.580,11.250,11.300,1423780
2019-06-13,11.300,11.460,11.190,11.290,850281
2019-06-14,11.400,11.450,11.080,11.100,1048383
2019-06-17,11.190,11.190,10.920,11.120,646940
2019-06-18,11.170,11.280,11.060,11.170,775159
2019-06-19,11.450,11.480,11.300,11.340,1176440
2019-06-20,11.410,11.570,11.240,11.490,1372703
2019-06-21,11.590,11.770,11.300,11.670,1280160
2019-06-24,11.650,11.810,11.650,11.680,1047840
2019-06-25,11.670,11.840,11.490,11.700,977954
2019-06-26,11.720,11.820,11.590,11.700,667500
2019-06-27,11.780,11.980,11.590,11.860,970060
2019-06-28,11.790,11.810,11.460,11.590,927054
2019-07-01,11.640,12.440,11.640,11.970,1436378
2019-07-02,12.090,12.090,11.800,11.980,978544
2019-07-03,12.080,12.080,11.610,11.790,686300
2019-07-04,11.710,12.040,11.710,11.770,842444
2019-07-05,11.700,12.100,11.700,11.970,1291200
2019-07-08,11.920,11.920,11.230,11.280,1499340
2019-07-09,11.250,11.660,11.250,11.550,1141072
2019-07-10,11.700,11.770,11.310,11.390,859417
2019-07-11,11.390,11.570,11.300,11.350,763500
2019-07-12,11.420,11.520,11.290,11.420,537840
2019-07-15,11.420,11.640,11.180,11.570,903520
2019-07-16,11.520,11.740,11.400,11.650,861814
2019-07-17,11.690,11.700,11.410,11.510,1096780
2019-07-18,11.500,11.500,11.110,11.150,900840
2019-07-19,11.140,11.380,11.140,11.180,606793
2019-07-22,11.300,11.360,10.500,11.200,1433237
2019-07-23,11.180,11.260,10.960,11.070,872560
2019-07-24,11.040,11.250,11.040,11.100,589260
2019-07-25,11.040,11.250,10.970,11.080,590632
2019-07-26,10.800,11.080,10.800,10.970,486976
2019-07-29,10.970,11.160,10.910,11.130,695835
2019-07-30,11.130,11.840,10.990,11.650,2160273
2019-07-31,11.620,11.850,11.440,11.480,1651300
2019-08-01,11.480,11.530,11.160,11.350,1190890
2019-08-02,11.030,11.330,11.000,11.130,685016
2019-08-05,11.000,11.170,10.810,11.040,679628
2019-08-06,11.080,11.080,10.500,10.800,1091680
2019-08-07,10.980,11.050,10.590,10.650,946580
2019-08-08,10.610,10.800,10.420,10.430,952260
2019-08-09,10.480,10.560,10.200,10.220,684580
2019-08-12,10.220,10.450,10.170,10.330,492192
2019-08-13,10.290,10.300,10.090,10.100,611300
2019-08-14,10.250,10.300,10.110,10.160,494840
2019-08-15,10.120,10.170,9.910,10.160,695052
2019-08-16,10.160,10.210,10.090,10.100,476280
2019-08-19,10.390,10.580,10.210,10.530,1238032
2019-08-20,10.550,10.600,10.360,10.390,769035
2019-08-21,10.460,10.460,10.330,10.400,425215
2019-08-22,10.400,10.460,10.320,10.430,473160
2019-08-23,10.480,10.480,10.280,10.420,611608
2019-08-26,10.070,10.350,10.070,10.230,714460
2019-08-27,10.230,10.640,10.180,10.550,1580628
2019-08-28,10.530,10.700,10.440,10.630,932640
2019-08-29,10.700,10.700,10.400,10.560,547640
2019-08-30,10.630,10.640,10.230,10.500,866997
2019-09-02,10.370,10.690,10.370,10.550,848343
2019-09-03,10.540,10.620,10.430,10.510,541160
2019-09-04,10.490,10.750,10.460,10.730,868399
2019-09-05,10.760,10.950,10.700,10.790,1420111
2019-09-06,10.820,10.850,10.710,10.760,529755
2019-09-09,10.970,10.970,10.760,10.890,1023752
2019-09-10,10.850,10.890,10.780,10.880,624380
2019-09-11,10.920,10.950,10.810,10.820,438082
2019-09-12,10.880,10.920,10.790,10.830,437314
2019-09-16,10.840,10.890,10.800,10.840,612542
2019-09-17,10.870,10.870,10.500,10.540,684660
2019-09-18,10.560,10.600,10.450,10.490,617716
2019-09-19,10.540,10.580,10.390,10.490,676597
2019-09-20,10.550,10.880,10.490,10.730,1706479
2019-09-23,10.680,10.680,10.410,10.510,713322
2019-09-24,10.500,10.640,10.450,10.480,700890
2019-09-25,10.500,10.550,10.270,10.320,650615
2019-09-26,10.320,10.610,10.200,10.210,738699
2019-09-27,10.240,10.370,10.180,10.240,417229
2019-09-30,10.300,10.330,10.100,10.190,444887
2019-10-08,10.140,10.300,10.120,10.170,458105
2019-10-09,10.130,10.500,10.100,10.420,970750
2019-10-10,10.410,10.630,10.410,10.510,889353
2019-10-11,10.800,10.900,10.560,10.620,1222714
2019-10-14,10.720,10.870,10.660,10.850,1600339
2019-10-15,10.750,10.800,10.570,10.640,1196960
2019-10-16,10.700,10.810,10.570,10.570,907980
2019-10-17,10.560,10.670,10.490,10.520,638980
2019-10-18,10.500,10.620,10.350,10.420,635340
2019-10-21,10.400,10.480,10.200,10.460,733023
2019-10-22,10.340,10.660,10.250,10.510,813142
2019-10-23,10.600,10.600,10.310,10.380,453448
2019-10-24,10.450,10.490,10.250,10.450,551891
2019-10-25,10.460,11.500,10.460,11.500,7192628
2019-10-28,11.500,11.860,11.000,11.540,9231297
2019-10-29,11.350,12.620,11.140,11.820,6789572
2019-10-30,11.550,11.830,11.510,11.720,4683725
2019-10-31,11.690,12.480,11.540,12.070,7295766
2019-11-01,11.870,12.340,11.750,12.050,4435577
2019-11-04,11.980,12.050,11.670,11.850,4001011
2019-11-05,11.820,11.820,11.530,11.730,3596608
2019-11-06,11.700,11.730,11.190,11.310,3975002
2019-11-07,11.320,11.470,11.120,11.370,3012661
2019-11-08,11.380,11.420,11.120,11.140,2767347
2019-11-11,11.040,11.130,10.540,10.580,2763219
2019-11-12,10.570,10.700,10.250,10.390,2264927
2019-11-13,10.390,10.420,10.200,10.240,1746664
2019-11-14,10.280,10.430,10.210,10.290,1507091
2019-11-15,10.320,10.370,10.120,10.130,1501502
2019-11-18,10.060,10.260,10.050,10.220,873304
2019-11-19,10.220,10.430,10.220,10.340,1315712
2019-11-20,10.400,10.400,10.120,10.130,1546187
2019-11-21,10.050,10.170,10.010,10.150,738622
2019-11-22,10.250,10.250,10.070,10.090,984514
2019-11-25,10.140,10.200,10.050,10.110,872327
2019-11-26,10.180,10.270,10.090,10.250,1055330
2019-11-27,10.240,10.700,10.170,10.500,2012762
2019-11-28,10.460,10.460,10.280,10.330,1019640
2019-11-29,10.330,10.460,10.290,10.370,994864
2019-12-02,10.320,10.320,10.130,10.210,887799
2019-12-03,10.160,10.230,10.110,10.200,533152
2019-12-04,10.180,10.240,10.150,10.180,505800
2019-12-05,10.180,10.260,10.160,10.230,780228
2019-12-06,10.190,10.300,10.170,10.280,843746
2019-12-09,10.280,10.280,10.200,10.230,678967
2019-12-10,10.290,10.290,10.110,10.160,1060007
2019-12-11,10.170,10.190,10.060,10.160,975087
2019-12-12,10.160,10.180,10.090,10.110,904572
2019-12-13,10.140,10.220,10.110,10.220,1307304
2019-12-16,10.220,10.290,10.180,10.290,1357813
2019-12-17,10.290,10.450,10.230,10.390,1815861
2019-12-18,10.360,10.500,10.320,10.340,1466287
2019-12-19,10.340,10.480,10.340,10.440,1598708
2019-12-20,10.400,10.550,10.400,10.440,1714724
2019-12-23,10.410,10.430,10.210,10.250,1151590
2019-12-24,10.310,10.310,10.230,10.300,640746
2019-12-25,10.270,10.480,10.250,10.330,948828
2019-12-26,10.340,10.370,10.280,10.360,671481
2019-12-27,10.350,10.430,10.260,10.280,952148
2019-12-30,10.280,10.360,10.080,10.330,1166722
2019-12-31,10.350,10.430,10.340,10.420,1013509
2020-01-02,10.440,10.680,10.420,10.620,2088850
2020-01-03,10.690,10.790,10.550,10.620,1187941
2020-01-06,10.550,10.680,10.480,10.560,2027939
2020-01-07,10.590,10.930,10.570,10.830,2752928
2020-01-08,10.780,11.100,10.710,10.840,2618267
2020-01-09,10.850,11.090,10.810,10.950,1630176
2020-01-10,11.030,11.030,10.850,10.870,1314897
2020-01-13,10.870,10.910,10.650,10.830,1202615
2020-01-14,10.830,10.990,10.760,10.780,1191754
2020-01-15,10.720,10.810,10.530,10.700,1613114
2020-01-16,10.700,10.820,10.620,10.800,1005761
2020-01-17,10.700,10.850,10.690,10.740,727441
2020-01-20,10.650,10.750,10.590,10.660,1182659
2020-01-21,10.660,10.660,10.370,10.480,946120
2020-01-22,10.650,10.650,10.180,10.330,1009406
2020-01-23,10.310,10.420,10.050,10.140,1155420
2020-02-03,9.130,9.130,9.130,9.130,507900
2020-02-04,8.220,8.960,8.220,8.630,2022696
2020-02-05,8.800,8.900,8.610,8.860,1179466
2020-02-06,8.870,9.660,8.760,9.320,2444498
2020-02-07,9.160,9.330,9.060,9.180,1575952
2020-02-10,9.150,9.280,9.090,9.280,1136650
2020-02-11,9.350,9.380,9.220,9.250,801365
2020-02-12,9.250,9.330,9.120,9.310,831480
2020-02-13,9.300,9.420,9.210,9.240,925300
2020-02-14,9.180,9.250,9.160,9.200,788025
2020-02-17,9.800,10.010,9.450,9.900,4036768
2020-02-18,9.700,9.800,9.630,9.720,2274492
2020-02-19,9.660,9.790,9.600,9.670,1742780
2020-02-20,9.680,9.870,9.650,9.820,1841890
2020-02-21,9.800,9.930,9.790,9.840,1423379
2020-02-24,9.830,9.830,9.690,9.790,1262762
2020-02-25,9.700,9.750,9.300,9.680,1948389
2020-02-26,9.520,9.760,9.470,9.600,1707609
2020-02-27,9.710,9.710,9.500,9.540,1126380
2020-02-28,9.310,9.440,8.860,8.930,1620663
2020-03-02,8.920,9.390,8.900,9.310,1032803
2020-03-03,9.430,9.660,9.350,9.450,1403307
2020-03-04,9.440,9.580,9.350,9.570,986402
2020-03-05,10.000,10.000,9.620,9.690,1680310
2020-03-06,9.680,9.840,9.540,9.750,1444717
2020-03-09,9.790,9.900,9.490,9.500,1919080
2020-03-10,9.300,9.580,9.200,9.520,1614820
2020-03-11,9.650,9.750,9.520,9.570,1667903
2020-03-12,9.560,9.560,9.190,9.300,1621492
2020-03-13,8.810,9.170,8.810,9.050,1384553
2020-03-16,9.080,9.200,8.700,8.720,1912900
2020-03-17,8.680,8.980,8.300,8.600,1517875
2020-03-18,8.540,8.890,8.530,8.530,1297640
2020-03-19,8.620,8.660,8.330,8.480,1215954
2020-03-20,8.590,8.770,8.470,8.700,1092278
2020-03-23,8.700,8.700,8.300,8.350,1071979
2020-03-24,8.560,8.600,8.320,8.510,692494
2020-03-25,8.680,8.970,8.530,8.730,1054652
2020-03-26,8.650,8.770,8.530,8.610,672127
2020-03-27,8.720,8.960,8.630,8.710,1288716
2020-03-30,8.550,8.660,8.440,8.590,913340
2020-03-31,8.590,8.910,8.540,8.740,1083545
2020-04-01,8.630,8.850,8.610,8.630,838775
2020-04-02,8.550,8.690,8.520,8.680,590864
2020-04-03,8.670,8.750,8.510,8.540,659820
2020-04-07,8.610,8.750,8.610,8.730,1100217
2020-04-08,8.720,8.840,8.660,8.820,1026962
2020-04-09,8.820,9.300,8.740,8.980,2545575
2020-04-10,8.880,8.910,8.600,8.610,1633312
2020-04-13,8.610,8.630,8.460,8.500,606931
2020-04-14,8.510,8.640,8.490,8.640,717241
2020-04-15,8.570,8.730,8.550,8.550,561133
2020-04-16,8.550,8.600,8.500,8.500,754535
2020-04-17,8.540,8.630,8.480,8.490,719867
2020-04-20,8.560,8.700,8.530,8.650,791394
2020-04-21,8.660,8.660,8.560,8.640,782188
2020-04-22,8.630,8.830,8.570,8.780,1339348
2020-04-23,8.780,9.130,8.780,8.920,3059496
2020-04-24,8.830,9.240,8.830,9.100,3935803
2020-04-27,9.100,9.340,9.080,9.230,2143665
2020-04-28,9.200,9.370,8.880,9.110,2115618
2020-04-29,9.070,9.160,8.980,9.070,1946120
2020-04-30,9.070,9.160,8.990,9.060,1394791
2020-05-06,8.850,9.020,8.840,8.970,1138006
2020-05-07,8.970,9.250,8.860,9.210,1888020
2020-05-08,9.190,9.340,9.120,9.260,1514591
2020-05-11,9.270,9.340,9.170,9.240,1251355
2020-05-12,9.150,9.370,9.150,9.280,1123502
2020-05-13,9.350,9.350,9.210,9.290,752728
2020-05-14,9.160,9.590,9.160,9.320,1307954
2020-05-15,9.320,9.480,9.150,9.170,1147550
2020-05-18,9.180,9.180,9.000,9.050,740795
2020-05-19,9.170,9.170,9.010,9.090,934539
2020-05-20,9.090,9.150,8.960,9.130,720396
2020-05-21,9.090,9.260,9.090,9.140,1161838
2020-05-22,9.160,9.180,8.980,9.060,683240
2020-05-25,9.080,9.340,9.020,9.210,1742897
2020-05-26,9.250,9.320,9.170,9.230,1248437
2020-05-27,9.230,9.260,9.130,9.190,689271
2020-05-28,9.190,9.380,9.160,9.350,1521540
2020-05-29,9.340,9.580,9.260,9.400,1578360
2020-06-01,9.450,9.570,9.320,9.410,1496702
2020-06-02,9.450,9.500,9.350,9.470,1167513
2020-06-03,9.550,9.930,9.460,9.790,3127646
2020-06-04,9.800,10.090,9.710,9.970,2733924
2020-06-05,10.480,10.490,9.900,10.130,2219444
2020-06-08,10.130,10.580,10.090,10.450,2194297
2020-06-09,10.290,10.450,10.140,10.220,1893931
2020-06-10,10.130,10.340,10.050,10.180,2609876
2020-06-11,10.190,10.450,10.120,10.380,2925779
2020-06-12,9.290,9.340,9.020,9.140,2683096
2020-06-15,9.100,9.230,8.950,9.150,1909836
2020-06-16,9.220,9.990,9.220,9.990,4067546
2020-06-17,9.910,10.400,9.760,9.800,10500142
2020-06-18,9.800,9.800,9.320,9.330,2978786
2020-06-19,9.350,9.440,9.280,9.420,1277190
2020-06-22,9.420,9.440,9.310,9.330,977284
2020-06-23,9.350,9.380,9.160,9.210,1713153
2020-06-24,9.200,9.260,9.070,9.100,808916
2020-06-29,9.090,9.100,8.930,8.980,661127
2020-06-30,8.990,9.120,8.700,8.820,2487323
2020-07-01,8.830,8.870,8.740,8.800,1079224
2020-07-02,8.800,9.100,8.760,9.020,1504181
2020-07-03,9.140,9.140,8.930,9.020,1692083
2020-07-06,9.020,9.560,9.020,9.410,4155553
2020-07-07,9.450,9.560,9.280,9.480,2244579
2020-07-08,9.480,9.590,9.320,9.540,2550343
2020-07-09,9.540,9.750,9.480,9.670,2957759
2020-07-10,9.670,9.800,9.500,9.540,1899904
2020-07-13,9.510,9.760,9.470,9.720,3036671
2020-07-14,9.760,10.000,9.690,9.820,3316351
2020-07-15,9.820,10.050,9.740,10.010,4545353
2020-07-16,9.950,10.400,9.350,9.460,4182401
2020-07-17,9.450,9.600,9.300,9.500,1563329
2020-07-20,9.650,9.910,9.570,9.710,1753112
2020-07-21,9.710,9.830,9.650,9.770,1157737
2020-07-22,9.900,9.910,9.650,9.710,1078500
2020-07-23,9.660,9.840,9.390,9.810,1957899
2020-07-24,9.820,9.850,9.570,9.580,1647426
2020-07-27,9.650,10.160,9.430,9.990,4077621
2020-07-28,9.970,10.160,9.800,9.850,3179827
2020-07-29,9.820,9.960,9.650,9.780,2239979
2020-07-30,9.760,9.860,9.700,9.790,1384453
2020-07-31,9.870,9.870,9.560,9.670,1783707
2020-08-03,9.700,9.940,9.640,9.810,2827134
2020-08-04,9.810,10.090,9.720,10.060,4687861
2020-08-05,10.080,10.080,9.730,9.910,3372283
2020-08-06,9.900,10.530,9.830,10.200,6428740
2020-08-07,10.040,10.300,9.920,10.020,3181021
2020-08-10,10.020,10.160,9.900,9.970,2369964
2020-08-11,10.030,10.030,9.690,9.700,2008440
2020-08-12,9.660,9.750,9.400,9.700,1553715
2020-08-13,9.700,9.920,9.690,9.870,1189600
2020-08-14,9.750,9.920,9.730,9.860,911300
2020-08-17,9.860,10.030,9.760,9.970,1898562
2020-08-18,10.030,10.050,9.880,9.940,1330300
2020-08-19,9.850,10.220,9.850,9.970,3105829
2020-08-20,9.930,10.100,9.500,9.780,1625701
2020-08-21,9.830,9.930,9.710,9.840,1176634
2020-08-24,9.870,9.950,9.710,9.730,1085940
2020-08-25,9.730,9.880,9.690,9.790,841820
2020-08-26,9.790,9.990,9.690,9.930,1766620
2020-08-27,9.900,10.180,9.720,9.800,2840022
2020-08-28,9.900,10.090,9.700,10.030,3250838
2020-08-31,10.030,10.300,10.000,10.180,3064300
2020-09-01,10.270,10.930,10.180,10.830,7780646
2020-09-02,11.050,11.160,10.670,10.840,5880661
2020-09-03,10.850,11.020,10.700,10.910,2767918
2020-09-04,10.710,10.820,10.380,10.500,2786243
2020-09-07,10.480,10.730,10.280,10.310,3392653
2020-09-08,10.310,10.480,10.230,10.420,2116963
2020-09-09,10.340,10.560,10.160,10.280,1964111
2020-09-10,10.390,10.690,9.930,9.930,2945913
2020-09-11,9.890,10.090,9.720,9.940,2097560
2020-09-14,9.980,10.080,9.890,9.990,1669660
2020-09-15,9.990,10.060,9.750,9.760,1951760
2020-09-16,9.850,9.910,9.510,9.780,2872676
2020-09-17,9.680,10.100,9.680,9.840,2905460
2020-09-18,9.830,9.940,9.720,9.860,1708170
2020-09-21,9.900,10.570,9.750,10.440,6895058
2020-09-22,10.390,10.600,10.300,10.480,5223320
2020-09-23,10.610,10.610,9.870,9.970,4385830
2020-09-24,9.880,10.190,9.840,10.070,3769260
2020-09-25,10.040,10.130,9.810,9.840,2160140
2020-09-28,9.840,10.020,9.700,9.860,2308106
2020-09-29,9.880,9.960,9.800,9.800,1430140
2020-09-30,9.770,9.900,9.580,9.640,2083689
2020-10-09,9.800,10.140,9.670,10.010,4148411
2020-10-12,10.000,10.320,10.000,10.240,3240287
2020-10-13,10.210,10.720,10.150,10.720,7376386
2020-10-14,10.720,10.870,10.550,10.680,5630945
2020-10-15,10.730,10.840,10.600,10.730,4093560
2020-10-16,10.730,10.880,10.520,10.600,4406105
2020-10-19,10.700,10.730,10.430,10.500,2663745
2020-10-20,10.580,10.590,10.360,10.530,2106379
2020-10-21,10.500,10.610,10.230,10.370,2891100
2020-10-22,10.450,10.750,10.250,10.730,3301321
2020-10-23,10.760,11.000,10.550,10.990,5176720
2020-10-26,10.990,10.990,10.460,10.770,4806429
2020-10-27,10.780,10.780,10.260,10.610,5145008
2020-10-28,10.440,10.680,10.170,10.180,3986580
2020-10-29,10.000,11.100,9.850,11.090,8109129
2020-10-30,11.200,11.750,9.980,9.980,15929394
2020-11-02,9.200,9.550,8.980,8.980,7781480
2020-11-03,8.900,9.020,8.720,8.880,5136687
2020-11-04,8.880,9.020,8.870,8.930,3383787
2020-11-05,8.980,8.990,8.660,8.890,5090785
2020-11-06,8.870,8.870,8.700,8.710,2762235
2020-11-09,8.760,8.940,8.720,8.870,3119712
2020-11-10,8.870,8.910,8.670,8.730,3163600
2020-11-11,8.730,8.730,8.470,8.470,2932455
2020-11-12,8.460,8.560,8.440,8.530,1696300
2020-11-13,8.480,8.730,8.480,8.680,2513188
2020-11-16,8.690,8.810,8.690,8.710,1887185
2020-11-17,8.700,8.700,8.540,8.590,1524107
2020-11-18,8.570,8.720,8.530,8.660,1484726
2020-11-19,8.690,8.790,8.630,8.740,1971600
2020-11-20,8.770,8.830,8.680,8.810,1728196
2020-11-23,8.810,8.910,8.760,8.820,2256103
2020-11-24,8.820,8.840,8.710,8.730,1282074
2020-11-25,8.730,8.780,8.620,8.640,1334424
2020-11-26,8.610,8.740,8.590,8.720,1473356
2020-11-27,8.730,8.730,8.570,8.650,1076100
2020-11-30,8.620,8.740,8.580,8.600,1756169
2020-12-01,8.560,8.690,8.560,8.660,1469333
2020-12-02,8.660,8.680,8.610,8.640,1356833
2020-12-03,8.650,8.740,8.610,8.720,1388626
2020-12-04,8.750,8.780,8.660,8.690,1062888
2020-12-07,8.720,8.750,8.640,8.690,1099598
2020-12-08,8.690,8.720,8.560,8.580,1261017
2020-12-09,8.600,8.650,8.460,8.490,1514614
2020-12-10,8.400,8.530,8.120,8.240,2589746
2020-12-11,8.270,8.270,8.120,8.190,1478153
2020-12-14,8.170,8.240,8.090,8.130,1043578
2020-12-15,8.140,8.170,8.020,8.030,943798
2020-12-16,8.030,8.090,7.700,7.750,2426656
2020-12-17,7.750,7.950,7.690,7.910,1500295
2020-12-18,7.910,7.910,7.720,7.730,1161240
2020-12-21,7.750,7.830,7.680,7.830,1213693
2020-12-22,7.780,7.930,7.720,7.730,1532008
2020-12-23,7.790,7.790,7.540,7.600,1473815
2020-12-24,7.550,7.650,7.340,7.360,1569068
2020-12-25,7.340,7.490,7.320,7.420,860148
2020-12-28,7.460,7.460,7.200,7.210,1692980
2020-12-29,7.220,7.930,7.210,7.930,2562925
2020-12-30,8.000,8.500,7.400,8.200,7512290
2020-12-31,8.100,8.180,7.860,7.880,5254121
2021-01-04,7.850,7.850,7.680,7.760,3063547
2021-01-05,7.730,8.190,7.660,8.110,4919106
2021-01-06,7.990,7.990,7.800,7.830,2762678
2021-01-07,7.710,7.770,7.310,7.380,2899410
2021-01-08,7.360,7.570,7.320,7.570,1972686
2021-01-11,7.520,7.540,7.260,7.290,1862814
2021-01-12,7.320,7.410,7.220,7.370,1512621
2021-01-13,7.340,7.340,7.020,7.030,2209014
2021-01-14,7.000,7.030,6.840,6.990,1690313
2021-01-15,7.000,7.140,6.950,7.080,1304670
2021-01-18,7.080,7.160,7.040,7.120,977394
2021-01-19,7.070,7.300,6.890,7.200,2096554
2021-01-20,7.150,7.270,7.050,7.100,1912127
2021-01-21,7.010,7.320,7.010,7.220,2065913
2021-01-22,7.160,7.200,7.040,7.070,1225721
2021-01-25,7.070,7.080,6.880,6.890,1618063
2021-01-26,6.810,6.960,6.810,6.830,1011540
2021-01-27,6.830,6.880,6.770,6.810,930660
2021-01-28,6.810,6.840,6.730,6.780,738760
2021-01-29,6.820,6.850,6.550,6.580,1345566
2021-02-01,6.540,6.670,6.540,6.600,554040
2021-02-02,6.620,6.760,6.550,6.720,930914
2021-02-03,6.730,6.800,6.660,6.700,943932
2021-02-04,6.760,6.770,6.520,6.560,997980
2021-02-05,6.560,6.620,6.480,6.510,768272
2021-02-08,6.520,6.610,6.300,6.360,909680
2021-02-09,6.360,6.440,6.330,6.430,1276412
2021-02-10,6.500,6.510,6.410,6.450,907340
2021-02-18,6.460,6.660,6.460,6.640,1421207
2021-02-19,6.600,6.860,6.600,6.860,1584360
2021-02-22,6.870,7.090,6.840,6.940,1937240
2021-02-23,6.930,7.000,6.830,6.890,1290163
2021-02-24,6.890,6.970,6.840,6.880,1037040
2021-02-25,6.900,6.990,6.820,6.840,1123828
2021-02-26,6.840,6.990,6.750,6.940,1234560
2021-03-01,6.970,7.180,6.960,7.140,1505358
2021-03-02,7.180,7.360,7.020,7.110,1524000
2021-03-03,7.100,7.180,7.040,7.140,902800
2021-03-04,7.100,7.260,7.080,7.160,1043420
2021-03-05,7.160,7.270,7.120,7.270,1289359
2021-03-08,7.270,7.350,7.200,7.350,1543080
2021-03-09,7.310,7.340,7.070,7.150,1669720
2021-03-10,7.170,7.190,6.950,6.960,1195267
2021-03-11,7.000,7.180,6.910,7.160,1027520
2021-03-12,7.170,7.200,7.060,7.160,899080
2021-03-15,7.130,7.270,7.100,7.140,1027858
2021-03-16,7.200,7.300,7.150,7.260,969410
2021-03-17,7.320,7.320,7.200,7.240,765210
2021-03-18,7.220,7.270,7.180,7.210,870740
2021-03-19,7.200,7.250,7.110,7.250,880600
2021-03-22,7.280,7.300,7.210,7.280,1195620
2021-03-23,7.260,7.310,7.180,7.210,1095520
2021-03-24,7.180,7.270,7.130,7.200,682760
2021-03-25,7.310,7.310,7.170,7.200,744872
2021-03-26,7.160,7.250,7.130,7.210,784096
2021-03-29,7.260,7.870,7.240,7.580,3873967
2021-03-30,7.490,7.500,7.340,7.380,1934460
2021-03-31,7.360,7.430,7.250,7.410,1209512
2021-04-01,7.370,7.410,7.250,7.290,1021480
2021-04-02,7.260,7.380,7.250,7.330,790940
2021-04-06,7.320,7.630,7.310,7.480,1922560
2021-04-07,7.500,7.630,7.480,7.550,1350280
2021-04-08,7.550,7.550,7.340,7.440,1043520
2021-04-09,7.420,7.420,7.250,7.380,1103183
2021-04-12,7.330,7.370,7.230,7.270,875726
2021-04-13,7.250,7.350,7.120,7.170,1035400
2021-04-14,7.210,7.330,7.160,7.310,629988
2021-04-15,7.310,7.370,7.150,7.250,1044930
2021-04-16,7.220,7.480,7.220,7.400,1536580
2021-04-19,7.360,7.690,7.360,7.440,1949884
2021-04-20,7.390,7.530,7.350,7.370,1148530
2021-04-21,7.350,7.360,7.240,7.270,818880
2021-04-22,7.320,7.350,7.250,7.250,600120
2021-04-23,7.260,7.390,7.240,7.250,963268
2021-04-26,7.250,7.250,7.150,7.180,1203850
2021-04-27,7.200,7.330,7.160,7.200,847307
2021-04-28,7.200,7.560,7.130,7.300,2202385
2021-04-29,7.220,7.310,7.190,7.310,1102423
2021-04-30,7.310,7.400,7.240,7.320,1428500
2021-05-06,7.350,7.490,7.290,7.460,1894549
2021-05-07,7.500,8.010,7.460,7.720,4449999
2021-05-10,7.760,7.920,7.640,7.740,2564312
2021-05-11,7.750,7.790,7.620,7.690,2009472
2021-05-12,7.770,7.770,7.580,7.760,1823682
2021-05-13,7.700,7.790,7.640,7.780,2025498
2021-05-14,7.830,7.940,7.740,7.790,1535898
2021-05-17,7.720,7.790,7.510,7.760,1869790
2021-05-18,7.760,7.830,7.680,7.820,1508465
2021-05-19,7.930,7.930,7.690,7.730,1409914
2021-05-20,7.780,7.780,7.560,7.750,952011
2021-05-21,7.700,7.950,7.650,7.830,2942289
2021-05-24,7.960,7.960,7.650,7.690,2615045
2021-05-25,7.640,7.690,7.620,7.640,851460
2021-05-26,7.640,7.680,7.610,7.620,891400
2021-05-27,7.610,7.880,7.520,7.830,4611012
2021-05-28,7.850,7.980,7.820,7.950,3996979
2021-05-31,8.010,8.010,7.780,7.970,2578020
2021-06-01,7.960,7.960,7.760,7.830,1420700
2021-06-02,7.830,7.850,7.730,7.830,970900
2021-06-03,7.860,7.860,7.740,7.780,1040000
2021-06-04,7.730,7.820,7.700,7.760,796240
2021-06-07,7.760,7.800,7.670,7.760,815294
2021-06-08,7.790,7.790,7.710,7.790,668048
2021-06-09,7.800,7.800,7.510,7.800,590479
2021-06-10,7.800,7.810,7.730,7.730,742740
2021-06-11,7.640,7.640,7.490,7.540,957396
2021-06-15,7.480,7.860,7.480,7.770,2737815
2021-06-16,7.840,7.840,7.730,7.800,2277128
2021-06-17,7.820,7.830,7.690,7.760,1832856
2021-06-18,7.780,7.810,7.680,7.770,1679520
2021-06-21,7.770,7.780,7.670,7.700,1234720
2021-06-22,7.710,7.710,7.580,7.640,754960
2021-06-23,7.650,7.700,7.590,7.670,1014760
2021-06-24,7.670,7.750,7.620,7.710,1738108
2021-06-25,7.780,7.780,7.620,7.660,1501440
2021-06-28,7.670,7.670,7.600,7.630,626160
2021-06-29,7.640,7.640,7.480,7.600,1016640
2021-06-30,7.570,7.580,7.450,7.450,773980
2021-07-01,7.440,7.440,7.020,7.280,2675651
2021-07-02,7.200,7.280,7.130,7.260,1139920
2021-07-05,7.200,7.300,7.180,7.200,1349403
2021-07-06,7.220,7.230,7.160,7.200,518200
2021-07-07,7.200,7.220,7.120,7.190,567740
2021-07-08,7.180,7.200,6.960,6.960,1778480
2021-07-09,7.040,7.040,6.830,6.960,2662564
2021-07-12,6.960,7.000,6.920,6.930,1184320
2021-07-13,6.950,6.960,6.900,6.920,887980
2021-07-14,6.950,6.950,6.750,6.780,1566073
2021-07-15,6.830,6.840,6.610,6.650,1452373
2021-07-16,6.670,6.670,6.550,6.630,1581696
2021-07-19,6.630,6.680,6.550,6.650,785060
2021-07-20,6.660,6.700,6.590,6.690,628636
2021-07-21,6.720,6.790,6.700,6.770,1373440
2021-07-22,6.780,6.790,6.720,6.760,802100
2021-07-23,6.770,6.770,6.640,6.640,905300
2021-07-26,6.650,6.660,6.500,6.520,1030040
2021-07-27,6.530,6.560,6.450,6.460,887100
2021-07-28,6.420,6.500,6.280,6.340,944800
2021-07-29,6.430,6.440,6.380,6.430,641670
2021-07-30,6.460,6.460,6.320,6.410,585452
2021-08-02,6.410,6.660,6.350,6.610,1119192
2021-08-03,6.560,6.800,6.560,6.640,1204336
2021-08-04,6.730,6.730,6.600,6.630,500520
2021-08-05,6.610,6.700,6.570,6.630,578160
2021-08-06,6.640,6.670,6.530,6.600,852740
2021-08-09,6.600,6.690,6.550,6.680,955440
2021-08-10,6.670,6.710,6.610,6.680,707910
2021-08-11,6.690,6.710,6.650,6.680,673700
2021-08-12,6.680,6.840,6.680,6.760,1446055
2021-08-13,6.790,6.810,6.710,6.760,589695
2021-08-16,6.760,6.880,6.760,6.800,1037260
2021-08-17,6.790,6.850,6.630,6.630,1078020
2021-08-18,6.730,6.820,6.620,6.730,846300
2021-08-19,6.730,6.870,6.700,6.770,948860
2021-08-20,6.730,6.730,6.640,6.680,744600
2021-08-23,6.760,6.770,6.680,6.750,864190
2021-08-24,6.750,6.820,6.700,6.810,708760
2021-08-25,6.810,6.940,6.790,6.920,1147100
2021-08-26,6.920,7.030,6.840,6.950,1706460
2021-08-27,6.900,7.000,6.900,6.980,1009740
2021-08-30,6.990,6.990,6.540,6.690,1882740
2021-08-31,6.690,6.780,6.600,6.680,1105662
2021-09-01,6.690,6.780,6.630,6.760,924182
2021-09-02,6.810,6.810,6.730,6.780,741604
2021-09-03,6.800,6.860,6.750,6.840,945164
2021-09-06,6.830,6.900,6.810,6.890,911302
2021-09-07,6.890,6.970,6.870,6.960,1231001
2021-09-08,6.990,7.080,6.930,7.070,1377482
2021-09-09,7.090,7.130,7.050,7.130,1107616
2021-09-10,7.140,7.170,6.950,7.030,1333996
2021-09-13,7.030,7.140,6.950,7.130,858300
2021-09-14,7.120,7.180,7.000,7.020,955040
2021-09-15,7.030,7.060,6.960,7.030,801240
2021-09-16,7.030,7.110,6.990,7.030,1200907
2021-09-17,7.030,7.110,6.880,6.930,1181262
2021-09-22,6.910,7.040,6.860,7.010,796538
2021-09-23,7.020,7.190,7.020,7.170,1381100
2021-09-24,7.110,7.220,7.110,7.220,1476240
2021-09-27,7.180,7.230,7.120,7.170,2361740
2021-09-28,7.150,7.360,7.080,7.330,2080360
2021-09-29,7.250,7.390,7.140,7.160,2350191
2021-09-30,7.160,7.280,7.100,7.210,1203400
2021-10-08,7.210,7.510,7.210,7.480,2355685
2021-10-11,7.460,7.500,7.370,7.440,1096840
2021-10-12,7.410,8.180,7.360,7.690,10397853
2021-10-13,7.380,7.380,6.920,6.970,8193524
2021-10-14,6.860,6.970,6.730,6.860,2805616
2021-10-15,6.860,6.940,6.710,6.720,1968380
2021-10-18,6.720,6.790,6.610,6.730,1272793
2021-10-19,6.730,6.840,6.700,6.810,1262880
2021-10-20,6.790,6.810,6.620,6.640,1407464
2021-10-21,6.690,6.710,6.610,6.630,988783
2021-10-22,6.640,6.660,6.590,6.620,844640
2021-10-25,6.530,6.530,6.350,6.430,1821705
2021-10-26,6.450,6.450,6.310,6.330,1432060
2021-10-27,6.330,6.360,6.130,6.280,1519980
2021-10-28,6.240,6.250,6.130,6.170,755100
2021-10-29,6.190,6.270,6.110,6.250,995140
2021-11-01,6.290,6.300,6.160,6.290,547240
2021-11-02,6.300,6.320,6.150,6.190,942238
2021-11-03,6.140,6.240,6.120,6.240,472000
2021-11-04,6.180,6.290,6.180,6.280,504455
2021-11-05,6.270,6.300,6.200,6.280,627160
2021-11-08,6.240,6.380,6.240,6.290,454500
2021-11-09,6.290,6.370,6.270,6.360,618360
2021-11-10,6.400,6.400,6.290,6.400,657778
2021-11-11,6.380,6.450,6.310,6.430,922112
2021-11-12,6.430,6.470,6.350,6.380,646000
2021-11-15,6.380,6.500,6.350,6.500,1069862
2021-11-16,6.520,6.520,6.450,6.460,727704
2021-11-17,6.420,6.510,6.420,6.500,462002
2021-11-18,6.480,6.520,6.410,6.410,669120
2021-11-19,6.410,6.520,6.390,6.480,729420
2021-11-22,6.470,6.470,6.380,6.440,1022160
2021-11-23,6.440,6.470,6.400,6.450,539224
2021-11-24,6.460,6.590,6.430,6.520,1007600
2021-11-25,6.520,6.620,6.460,6.550,1057120
2021-11-26,6.610,6.760,6.530,6.530,2317460
2021-11-29,6.420,6.500,6.350,6.420,1174238
2021-11-30,6.470,6.480,6.380,6.480,963520
2021-12-01,6.440,6.580,6.440,6.560,1286860
2021-12-02,6.580,6.650,6.440,6.510,1419878
2021-12-03,6.500,6.610,6.470,6.510,1206900
2021-12-06,6.580,6.600,6.400,6.410,1076520
2021-12-07,6.410,6.490,6.380,6.490,1027037
2021-12-08,6.480,6.540,6.420,6.530,1563760
2021-12-09,6.490,6.600,6.480,6.600,1702920
2021-12-10,6.590,6.860,6.550,6.710,3667095
2021-12-13,6.710,7.380,6.690,7.380,13380777
2021-12-14,7.340,8.120,6.970,7.800,22783388
2021-12-15,7.640,7.640,7.310,7.360,10267571
2021-12-16,7.250,8.100,7.250,7.710,18706215
2021-12-17,7.650,7.650,7.340,7.370,11657809
2021-12-20,7.430,7.850,7.350,7.410,8457276
2021-12-21,7.400,7.550,7.310,7.440,5837100
2021-12-22,7.510,7.630,7.370,7.490,5381532
2021-12-23,7.530,7.560,7.250,7.280,4770620
2021-12-24,7.220,7.280,7.080,7.100,4423560
2021-12-27,7.130,7.180,7.040,7.160,2395200
2021-12-28,7.180,7.220,7.080,7.210,2332760
2021-12-29,7.220,7.340,7.130,7.260,2892820
2021-12-30,7.280,7.390,7.160,7.310,2326940
2021-12-31,7.330,7.400,7.220,7.230,1909120
2022-01-04,7.230,7.520,7.230,7.490,3822161
2022-01-05,7.450,7.550,7.380,7.450,2260476
2022-01-06,7.400,7.510,7.380,7.430,1962460
2022-01-07,7.420,7.460,7.250,7.260,2043464
2022-01-10,7.260,7.640,7.150,7.520,3468442
2022-01-11,7.520,7.920,7.520,7.700,6822856
2022-01-12,7.700,7.860,7.600,7.760,4160400
2022-01-13,7.700,7.790,7.600,7.610,3007639
2022-01-14,7.640,7.680,7.380,7.390,2929080
2022-01-17,7.360,7.590,7.360,7.380,1941340
2022-01-18,7.450,7.480,7.210,7.240,2145380
2022-01-19,7.270,7.530,7.250,7.380,2230800
2022-01-20,7.390,7.440,7.180,7.190,1891740
2022-01-21,7.200,7.290,7.160,7.260,1156500
2022-01-24,7.260,7.260,7.080,7.110,1563427
2022-01-25,7.160,7.180,6.790,6.800,2479300
2022-01-26,6.850,6.960,6.810,6.860,1163680
2022-01-27,6.860,6.900,6.630,6.640,1285980
2022-01-28,6.690,6.950,6.680,6.890,1806720
2022-02-07,6.970,7.250,6.910,7.250,1771200
2022-02-08,7.250,7.280,7.140,7.280,1600800
2022-02-09,7.240,7.320,7.130,7.140,2855459
2022-02-10,7.140,7.770,7.100,7.560,5667997
2022-02-11,7.530,7.560,7.310,7.470,2514397
2022-02-14,7.450,7.470,7.350,7.370,1582600
2022-02-15,7.430,7.650,7.290,7.600,2657760
2022-02-16,7.690,8.360,7.690,7.990,13662608
2022-02-17,8.050,8.190,7.700,7.770,9216537
2022-02-18,7.670,7.840,7.580,7.790,4992417
2022-02-21,7.850,8.500,7.850,8.230,7780083
2022-02-22,8.060,8.200,7.920,7.960,4624622
2022-02-23,7.990,8.030,7.850,7.960,3194720
2022-02-24,7.910,8.000,7.540,7.680,5111000
2022-02-25,7.720,7.890,7.650,7.830,3490117
2022-02-28,8.230,8.510,7.490,7.930,9378216
2022-03-01,7.760,7.840,7.640,7.710,5469696
2022-03-02,7.610,8.480,7.580,8.480,10353380
2022-03-03,9.330,9.330,9.330,9.330,3798224
2022-03-04,10.260,10.260,10.260,10.260,2343749
2022-03-07,10.930,11.290,10.380,10.510,36761845
2022-03-08,9.460,9.460,9.460,9.460,4262300
2022-03-09,8.510,9.310,8.510,9.160,30405361
2022-03-10,8.800,9.410,8.740,8.910,22638018
2022-03-11,8.700,9.800,8.580,9.800,26999571
2022-03-14,9.590,10.500,9.330,9.370,27041352
2022-03-15,9.230,9.620,8.610,8.640,19358239
2022-03-16,8.800,9.040,8.250,8.590,15665730
2022-03-17,8.580,9.090,8.420,8.870,14651170
2022-03-18,8.780,9.050,8.680,8.900,9601036
2022-03-21,8.940,8.980,8.600,8.730,10835600
2022-03-22,8.760,8.800,8.460,8.580,8426840
2022-03-23,8.770,8.890,8.320,8.370,11395223
2022-03-24,8.370,8.460,8.200,8.240,7228129
2022-03-25,8.190,8.280,8.120,8.230,5877332
2022-03-28,8.150,8.260,7.890,8.260,5020780
2022-03-29,8.240,8.260,7.910,7.950,5412540
2022-03-30,8.000,8.030,7.810,8.000,4854262
2022-03-31,7.990,8.270,7.960,8.070,7036070
2022-04-01,7.970,8.260,7.940,8.230,7194710
2022-04-06,8.230,8.380,8.110,8.300,7248091
2022-04-07,8.380,8.600,7.990,8.080,8977480
2022-04-08,8.030,8.150,7.730,8.070,6260900
2022-04-11,8.880,8.880,8.880,8.880,4686985
2022-04-12,9.200,9.770,8.520,9.770,32018117
2022-04-13,10.010,10.750,9.900,10.750,21334682
2022-04-14,11.700,11.830,11.310,11.830,11809192
2022-04-15,11.960,12.680,10.650,11.830,48076017
2022-04-18,10.650,11.910,10.650,10.650,34767497
2022-04-19,10.050,10.390,9.590,9.590,20701392
2022-04-20,9.340,10.540,8.880,10.440,36967794
2022-04-21,9.780,9.960,9.400,9.400,23598745
2022-04-22,9.050,9.100,8.460,8.460,17320682
2022-04-25,8.080,8.440,7.940,8.000,14275449
2022-04-26,8.150,8.480,7.890,8.040,14435027
2022-04-27,7.600,7.940,7.380,7.930,15924093
2022-04-28,8.230,8.580,7.720,8.170,20458333
2022-04-29,7.850,8.400,7.820,8.270,15788192
2022-05-05,8.080,8.540,8.080,8.370,13298880
2022-05-06,8.210,8.900,7.970,8.590,18394700
2022-05-09,8.610,9.190,8.500,8.960,17977610
2022-05-10,8.600,8.910,8.490,8.750,13417537
2022-05-11,8.730,9.120,8.660,8.940,17909231
2022-05-12,8.910,9.480,8.750,9.290,18295060
2022-05-13,9.200,9.240,8.750,8.880,13627220
2022-05-16,8.880,9.000,8.520,8.680,11302880
2022-05-17,8.670,8.670,8.200,8.590,10170500
2022-05-18,8.600,8.960,8.500,8.810,11367512
2022-05-19,8.640,8.770,8.490,8.680,6975859
2022-05-20,8.680,9.550,8.600,9.550,14056060
2022-05-23,10.000,10.510,9.590,9.950,29324713
2022-05-24,10.060,10.310,9.500,9.520,19833232
2022-05-25,9.540,9.840,9.540,9.800,13534570
2022-05-26,9.770,9.800,9.540,9.650,9037998
2022-05-27,9.700,9.980,9.500,9.690,12020660
2022-05-30,9.650,9.850,9.220,9.430,10510220
2022-05-31,9.390,9.440,9.130,9.420,6877622
2022-06-01,9.420,9.530,9.150,9.210,8221121
2022-06-02,9.200,9.390,9.010,9.340,6980100
2022-06-06,9.400,9.640,9.220,9.410,8396090
2022-06-07,9.290,9.470,9.220,9.360,5609820
2022-06-08,9.480,10.300,9.480,9.740,17156702
2022-06-09,9.730,9.740,8.950,8.950,14392716
2022-06-10,8.640,8.830,8.500,8.790,7939928
2022-06-13,8.580,8.760,8.410,8.670,7369570
2022-06-14,8.570,8.610,8.230,8.480,6467490
2022-06-15,8.480,8.670,8.410,8.440,5486291
2022-06-16,8.610,9.280,8.480,8.920,10616163
2022-06-17,8.790,9.180,8.660,8.960,7660661
2022-06-20,8.900,8.960,8.690,8.700,6351934
2022-06-21,8.640,8.700,8.440,8.520,5115020
2022-06-22,8.560,8.680,8.390,8.630,4637640
2022-06-23,8.530,8.600,8.360,8.490,4323740
2022-06-24,8.490,8.570,8.420,8.460,3066240
2022-06-27,8.500,8.550,8.380,8.390,3737840
2022-06-28,8.350,8.660,8.330,8.570,5207024
2022-06-29,8.510,8.570,8.250,8.250,4521251
2022-06-30,8.230,8.350,8.230,8.290,2903020
2022-07-01,8.250,8.360,8.160,8.240,3042509
2022-07-04,8.240,8.400,8.180,8.300,2711078
2022-07-05,8.330,8.340,8.100,8.170,2997782
2022-07-06,8.170,8.200,7.880,8.020,3909400
2022-07-07,8.020,8.120,7.960,8.020,2107940
2022-07-08,8.040,8.250,8.040,8.210,4059180
2022-07-11,8.180,8.240,8.020,8.220,2390440
2022-07-12,8.230,8.340,8.050,8.270,4005340
2022-07-13,8.280,8.470,8.220,8.410,4317360
2022-07-14,8.460,8.460,8.180,8.210,2996460
2022-07-15,8.120,8.140,7.710,7.830,5232911
2022-07-18,7.850,8.160,7.850,8.110,3570010
2022-07-19,8.140,8.230,8.080,8.170,2792389
2022-07-20,8.170,8.270,8.120,8.150,1875687
2022-07-21,8.110,8.230,8.080,8.150,2546100
2022-07-22,8.200,8.200,7.970,8.100,3489620
2022-07-25,8.230,8.550,8.160,8.190,6598285
2022-07-26,8.160,8.250,8.000,8.220,3434400
2022-07-27,8.220,8.280,8.040,8.060,3095920
2022-07-28,8.090,8.390,8.060,8.230,3565340
2022-07-29,8.200,8.220,8.050,8.070,2998440
2022-08-01,8.090,8.120,7.960,7.980,2202340
2022-08-02,7.980,7.990,7.370,7.430,4843700
2022-08-03,7.420,7.550,7.300,7.330,2378520
2022-08-04,7.400,7.890,7.340,7.850,6349436
2022-08-05,7.800,8.170,7.670,8.030,4942680
2022-08-08,8.020,8.160,7.950,8.100,2730142
2022-08-09,8.110,8.490,8.050,8.130,4524540
2022-08-10,8.150,8.290,8.070,8.220,2325060
2022-08-11,8.190,9.040,8.190,8.630,14739217
2022-08-12,8.550,8.980,8.500,8.880,10511077
2022-08-15,8.920,8.960,8.670,8.860,5894220
2022-08-16,8.920,8.940,8.700,8.710,2685638
2022-08-17,8.740,8.750,8.630,8.650,2860900
2022-08-18,8.680,8.750,8.530,8.730,3384540
2022-08-19,8.730,8.860,8.610,8.630,3012640
2022-08-22,8.630,8.910,8.560,8.820,4392857
2022-08-23,9.000,9.050,8.700,8.980,6337900
2022-08-24,9.080,9.500,8.880,9.000,8863757
2022-08-25,9.490,9.900,8.800,9.900,29078005
2022-08-26,10.550,10.890,9.890,10.890,31129620
2022-08-29,10.620,10.890,9.800,10.190,22809240
2022-08-30,10.100,10.130,9.610,9.860,14873449
2022-08-31,9.780,9.850,9.000,9.120,12944890
2022-09-01,9.230,9.260,8.960,9.020,7987440
2022-09-02,9.120,9.920,9.100,9.920,11765409
2022-09-05,10.040,10.540,9.820,10.320,22814328
2022-09-06,10.150,10.480,10.040,10.450,16594278
2022-09-07,10.180,10.730,10.180,10.500,11653500
2022-09-08,10.300,11.330,9.980,10.070,14908920
2022-09-09,10.270,10.500,9.720,9.760,10408115
2022-09-13,9.930,10.740,9.770,10.740,9299677
2022-09-14,10.770,11.500,10.540,10.850,32379656
2022-09-15,10.910,11.000,10.210,10.680,18698360
2022-09-16,10.630,10.660,9.990,10.100,13335320
2022-09-19,10.020,11.110,10.020,11.110,27816162
2022-09-20,10.870,11.250,10.600,10.960,23178422
2022-09-21,10.870,11.350,10.290,10.750,17980632
2022-09-22,10.890,11.110,10.420,10.880,11681420
2022-09-23,11.220,11.930,10.370,10.630,21972380
2022-09-26,9.990,10.220,9.570,9.570,16880880
2022-09-27,9.570,9.820,9.220,9.670,12811884
2022-09-28,9.470,9.640,8.800,8.920,12833174
2022-09-29,8.980,9.040,8.560,8.600,8663820
2022-09-30,8.500,8.650,8.250,8.250,6621340
2022-10-10,8.340,8.530,8.110,8.250,6202900
2022-10-11,8.180,8.250,7.950,8.240,5639640
2022-10-12,8.250,8.370,7.870,8.300,8659470
2022-10-13,8.250,8.300,8.060,8.170,5000000
2022-10-14,8.250,8.570,8.250,8.570,9253270
2022-10-17,8.570,8.800,8.500,8.690,7143692
2022-10-18,8.690,9.560,8.610,9.220,17664250
2022-10-19,9.150,9.500,8.800,9.170,13751601
2022-10-20,9.140,9.360,8.840,8.860,9853318
2022-10-21,8.830,8.970,8.700,8.920,7036106
2022-10-24,8.920,9.010,8.530,8.610,6580220
2022-10-25,8.610,8.710,8.390,8.640,5092995
2022-10-26,8.550,8.910,8.510,8.900,7202594
2022-10-27,8.800,8.980,8.620,8.630,4736360
2022-10-28,8.600,8.600,8.200,8.250,4725100
2022-10-31,8.190,8.390,8.190,8.300,3172334
2022-11-01,8.200,8.600,8.200,8.580,4659418
2022-11-02,8.550,9.120,8.480,9.020,9123860
2022-11-03,8.920,9.130,8.850,9.070,5695140
2022-11-04,9.040,9.280,9.010,9.200,5343562
2022-11-07,9.180,9.680,9.100,9.590,7783100
2022-11-08,9.700,9.900,9.450,9.800,7516119
2022-11-09,9.820,9.850,9.520,9.580,4668900
2022-11-10,9.580,9.720,9.430,9.630,4130220
2022-11-11,10.240,10.240,9.680,9.760,7088852
2022-11-14,9.840,10.100,9.510,9.780,6670480
2022-11-15,10.100,10.760,9.720,10.390,27875318
2022-11-16,10.240,10.380,9.740,9.790,16528621
2022-11-17,9.820,9.890,9.630,9.710,5958220
2022-11-18,9.700,9.700,9.380,9.410,5549433
2022-11-21,9.390,9.500,9.300,9.420,3978355
2022-11-22,9.420,9.680,9.330,9.380,7449600
2022-11-23,9.320,9.470,9.180,9.340,4288283
2022-11-24,9.370,9.490,9.300,9.410,3092800
2022-11-25,9.340,9.550,9.320,9.510,3960400
2022-11-28,9.490,9.760,9.350,9.720,6012200
2022-11-29,9.720,9.740,9.540,9.700,5202399
2022-11-30,9.710,9.800,9.610,9.690,3863901
2022-12-01,9.810,10.110,9.680,10.040,7199641
2022-12-02,10.040,10.080,9.630,9.720,6756240
2022-12-05,9.720,9.940,9.700,9.920,5335987
2022-12-06,9.950,10.260,9.760,10.210,8310140
2022-12-07,10.110,10.450,10.000,10.320,9741613
2022-12-08,10.270,10.540,10.050,10.400,8434720
2022-12-09,10.290,10.410,9.950,9.970,6067400
2022-12-12,9.970,10.120,9.880,9.950,3860254
2022-12-13,9.920,10.300,9.920,10.140,4526979
2022-12-14,10.020,10.260,9.910,10.000,5403401
2022-12-15,10.060,10.080,9.610,9.720,10287632
2022-12-16,9.540,9.710,9.450,9.550,5548760
2022-12-19,9.510,9.570,9.040,9.120,5122700
2022-12-20,9.050,9.170,8.840,9.010,6050605
2022-12-21,8.970,9.140,8.900,9.020,3544800
2022-12-22,9.090,9.130,8.750,8.860,3363600
2022-12-23,8.850,8.920,8.710,8.780,2816792
2022-12-26,8.770,8.970,8.740,8.930,2912845
2022-12-27,8.950,9.100,8.870,9.050,3267375
2022-12-28,8.980,8.980,8.700,8.760,3639810
2022-12-29,8.700,8.780,8.540,8.620,2841400
2022-12-30,8.640,8.830,8.560,8.790,2744926
2023-01-03,8.800,8.990,8.780,8.960,2965305
2023-01-04,8.960,9.020,8.830,8.910,2538092
2023-01-05,8.910,9.090,8.870,9.040,3573752
2023-01-06,9.040,9.050,8.800,8.810,3616940
2023-01-09,8.820,8.950,8.810,8.880,2107140
2023-01-10,9.010,9.010,8.790,8.860,2797255
2023-01-11,8.800,8.970,8.770,8.840,3445600
2023-01-12,8.810,8.880,8.690,8.730,2606925
2023-01-13,8.770,8.820,8.700,8.800,1700345
2023-01-16,8.870,9.060,8.820,9.000,3558772
2023-01-17,9.000,9.090,8.860,8.930,2015000
2023-01-18,8.990,8.990,8.890,8.930,1747220
2023-01-19,8.930,8.970,8.890,8.950,1364150
2023-01-20,8.980,9.040,8.960,9.020,2018300
2023-01-30,9.160,9.170,9.060,9.080,2482532
2023-01-31,9.020,9.270,8.990,9.270,2964685
2023-02-01,9.300,9.450,9.200,9.440,3064780
2023-02-02,9.460,9.750,9.390,9.490,3743530
2023-02-03,9.660,9.680,9.360,9.460,2467468
2023-02-06,9.550,9.780,9.460,9.750,5603680
2023-02-07,10.100,10.280,9.680,9.780,9267960
2023-02-08,9.840,9.850,9.520,9.550,5012805
2023-02-09,9.610,9.830,9.520,9.730,3345980
2023-02-10,9.650,9.770,9.650,9.670,2835400
2023-02-13,9.670,9.700,9.550,9.570,2816800
2023-02-14,9.630,10.030,9.570,9.950,8035936
2023-02-15,9.840,9.950,9.780,9.840,2994100
2023-02-16,9.790,9.920,9.480,9.540,4026320
2023-02-17,9.540,9.790,9.510,9.530,2412477
2023-02-20,9.600,9.690,9.400,9.690,2162120
2023-02-21,9.690,9.850,9.630,9.840,2869842
2023-02-22,9.780,9.800,9.630,9.750,2266400
2023-02-23,9.750,9.830,9.650,9.720,1414440
2023-02-24,9.790,9.800,9.620,9.740,1784000
2023-02-27,9.780,9.890,9.590,9.600,2926880
2023-02-28,9.610,9.770,9.560,9.650,2157057
2023-03-01,9.830,9.880,9.690,9.790,3135900
2023-03-02,9.810,9.990,9.770,9.900,5802098
2023-03-03,9.900,10.020,9.820,9.920,3313675
2023-03-06,9.960,10.040,9.840,9.960,1946395
2023-03-07,9.900,10.010,9.580,9.590,4860520
2023-03-08,9.590,9.690,9.480,9.650,2935558
2023-03-09,9.650,9.820,9.630,9.780,2631473
2023-03-10,9.750,9.830,9.550,9.560,2711860
2023-03-13,9.540,10.040,9.430,9.950,7822580
2023-03-14,9.950,9.950,9.580,9.610,5239540
2023-03-15,9.680,10.380,9.560,10.190,10796712
2023-03-16,10.150,10.180,9.910,9.970,6092420
2023-03-17,10.060,10.070,9.760,9.800,8115219
2023-03-20,10.090,10.180,9.450,9.620,9524100
2023-03-21,9.620,9.620,9.180,9.270,7881080
2023-03-22,9.330,9.720,9.250,9.400,5760260
2023-03-23,9.270,9.360,9.090,9.130,4920900
2023-03-24,9.200,9.200,8.950,8.990,4386085
2023-03-27,9.030,9.090,8.880,9.090,2680300
2023-03-28,9.070,9.090,8.980,9.000,2400564
2023-03-29,8.960,9.060,8.890,8.920,1949000
2023-03-30,8.910,8.980,8.760,8.870,2404384
2023-03-31,8.950,8.970,8.860,8.970,1545640
2023-04-03,8.970,9.050,8.970,9.020,2076779
2023-04-04,9.020,9.170,8.960,9.000,3022160
2023-04-06,8.940,8.980,8.700,8.730,3133420
2023-04-07,8.730,8.870,8.700,8.850,2041560
2023-04-10,8.850,8.930,8.740,8.790,1574399
2023-04-11,8.750,8.810,8.600,8.810,1433223
2023-04-12,8.780,8.890,8.780,8.850,1514000
2023-04-13,8.790,8.860,8.730,8.770,1768720
2023-04-14,8.810,8.850,8.720,8.830,1504363
2023-04-17,8.810,8.920,8.770,8.890,2120320
2023-04-18,8.930,8.930,8.800,8.880,1407200
2023-04-19,8.880,8.900,8.680,8.710,1736800
2023-04-20,8.710,8.770,8.560,8.660,2054712
2023-04-21,8.700,8.710,8.400,8.400,1947700
2023-04-24,8.390,8.450,8.230,8.440,1927661
2023-04-25,8.420,8.500,8.120,8.230,2020559
2023-04-26,8.230,8.420,8.210,8.390,1534452
2023-04-27,8.400,8.610,8.390,8.550,2079320
2023-04-28,8.600,8.690,8.560,8.680,1565960
2023-05-04,8.860,8.900,8.750,8.850,2833911
2023-05-05,8.890,8.950,8.760,8.850,1884780
2023-05-08,8.860,8.940,8.840,8.920,1801952
2023-05-09,8.990,9.010,8.760,8.820,2026664
2023-05-10,8.860,8.890,8.700,8.800,1165100
2023-05-11,8.830,8.910,8.770,8.890,1353420
2023-05-12,8.890,9.290,8.860,9.210,6581640
2023-05-15,9.380,9.600,9.110,9.570,11346066
2023-05-16,9.570,9.570,9.220,9.330,6429692
2023-05-17,9.330,9.330,9.050,9.180,4388792
2023-05-18,9.220,9.870,9.150,9.550,8885869
2023-05-19,9.480,9.480,9.180,9.220,5292570
2023-05-22,9.550,10.140,9.550,10.140,7341932
2023-05-23,10.170,11.100,9.950,10.580,27135445
2023-05-24,10.220,10.500,10.010,10.410,15717930
2023-05-25,10.200,10.200,9.600,9.810,14611363
2023-05-26,9.830,10.170,9.790,9.820,10859758
2023-05-29,9.570,9.680,9.280,9.400,10529320
2023-05-30,9.230,9.280,8.920,9.000,8454600
2023-05-31,8.960,9.070,8.820,9.000,4752240
